7 0.085361 0.640195 0.004453 0.119609
1 0.505205 0.669258 0.015566 0.141797
1 0.006367 0.591055 0.012734 0.237422
2 0.026152 0.466094 0.017148 0.170937
1 0.024805 0.605469 0.011133 0.101562
1 0.053735 0.635742 0.022021 0.247266
1 0.036328 0.600781 0.009824 0.074531
1 0.229941 0.704844 0.013359 0.133125
1 0.102197 0.835547 0.046973 0.328906
1 0.387271 0.872656 0.048955 0.254687
1 0.266890 0.754414 0.018740 0.247266
7 0.429941 0.702852 0.004863 0.172422
1 0.664717 0.470977 0.021992 0.128359
1 0.686157 0.450234 0.018506 0.083906
