1 0.506260 0.615430 0.010918 0.086016
1 0.491914 0.611133 0.009082 0.093828
1 0.483237 0.678477 0.015264 0.146953
1 0.082446 0.766875 0.044775 0.350625
1 0.441973 0.678906 0.020977 0.139531
1 0.125200 0.848867 0.073428 0.264922
1 0.469658 0.661094 0.015527 0.132188
1 0.298750 0.766406 0.018379 0.156250
1 0.055059 0.660000 0.021270 0.175469
1 0.034839 0.699062 0.025557 0.244062
1 0.504282 0.743477 0.027529 0.286328
1 0.375078 0.814219 0.105820 0.354688
3 0.005928 0.518477 0.011289 0.257578
2 0.020439 0.480078 0.010918 0.202188
