1 0.501689 0.540312 0.013457 0.090000
1 0.386958 0.479531 0.013701 0.079531
1 0.460640 0.748086 0.027510 0.244297
1 0.070044 0.817461 0.056104 0.365078
7 0.397285 0.573125 0.006504 0.176562
7 0.112964 0.565273 0.005557 0.167734
7 0.180967 0.528945 0.006699 0.206641
7 0.205596 0.561875 0.004063 0.228594
7 0.135552 0.546406 0.007295 0.167656
7 0.599316 0.734609 0.009766 0.430000
1 0.444014 0.499219 0.016191 0.089062
1 0.530479 0.598867 0.018633 0.100391
1 0.537183 0.567695 0.015947 0.091484
3 0.022925 0.514414 0.015225 0.188516
1 0.411001 0.501055 0.013857 0.076641
7 0.930562 0.398828 0.003838 0.076406
3 0.028633 0.507617 0.008125 0.130078
