1 0.486040 0.721328 0.036631 0.269219
1 0.548408 0.631055 0.013848 0.162734
1 0.570342 0.626953 0.014277 0.130625
1 0.082080 0.793750 0.060254 0.412500
1 0.940513 0.720273 0.038467 0.396484
1 0.605112 0.837734 0.069990 0.344063
1 0.414961 0.664180 0.017285 0.120391
2 0.503159 0.551094 0.022607 0.156094
7 0.626323 0.562734 0.006318 0.157500
7 0.633560 0.563047 0.005791 0.184844
1 0.489106 0.598906 0.014443 0.085313
1 0.496582 0.603867 0.017578 0.077109
1 0.624233 0.570078 0.010244 0.101094
1 0.599331 0.572383 0.014873 0.106016
1 0.380664 0.641484 0.011973 0.090781
1 0.245073 0.690469 0.016045 0.085625
1 0.372466 0.621719 0.010693 0.054688
1 0.359434 0.603750 0.006953 0.053594
1 0.353916 0.596484 0.006172 0.037031
7 0.943525 0.509297 0.007188 0.112656
1 0.293101 0.706953 0.019268 0.085781
