1 0.966299 0.597109 0.017676 0.105313
7 0.953633 0.647539 0.007207 0.188984
7 0.334688 0.609570 0.004980 0.139922
8 0.521289 0.517734 0.009180 0.199219
7 0.534761 0.499961 0.003818 0.161172
7 0.539702 0.494297 0.004404 0.176562
7 0.008462 0.612891 0.002217 0.149219
7 0.633242 0.514922 0.004785 0.148438
7 0.641543 0.520547 0.005762 0.155469
5 0.812144 0.940625 0.031963 0.118750
7 0.815771 0.813906 0.005566 0.354375
1 0.490244 0.433359 0.006074 0.058125
1 0.373906 0.618398 0.020605 0.114922
1 0.399395 0.623125 0.019629 0.110156
1 0.421025 0.579375 0.012695 0.052344
