1 0.193213 0.664492 0.010645 0.089922
1 0.434316 0.600234 0.013047 0.084531
7 0.569019 0.787930 0.015381 0.424141
7 0.517715 0.614219 0.004531 0.138125
1 0.182246 0.674609 0.015254 0.098281
7 0.541782 0.662500 0.006670 0.246875
7 0.513979 0.578437 0.003330 0.101094
1 0.201035 0.669805 0.008008 0.063828
1 0.209102 0.671914 0.007832 0.061953
1 0.305098 0.624922 0.015996 0.081719
1 0.040864 0.684609 0.022646 0.264844
1 0.003979 0.566680 0.007197 0.064766
1 0.484966 0.640195 0.013291 0.121953
1 0.430518 0.865586 0.055273 0.267734
2 0.013774 0.497578 0.012607 0.230000
7 0.981460 0.546094 0.002510 0.090625
7 0.977935 0.563672 0.003936 0.112031
