1 0.513643 0.597812 0.013750 0.088594
7 0.988867 0.530352 0.005352 0.184766
1 0.095488 0.563984 0.024531 0.135937
1 0.314678 0.633086 0.029434 0.156797
1 0.631196 0.745195 0.058545 0.456953
1 0.183242 0.580391 0.025430 0.129219
1 0.226729 0.579648 0.020449 0.135859
1 0.261489 0.565469 0.014893 0.117031
1 0.272925 0.561250 0.006201 0.070312
1 0.296621 0.585195 0.012578 0.132891
1 0.676812 0.666641 0.011826 0.112344
1 0.693003 0.786367 0.032158 0.286797
1 0.953418 0.703984 0.061621 0.408594
1 0.763662 0.614883 0.022695 0.195078
