1 0.662134 0.530742 0.017529 0.120859
7 0.098149 0.633164 0.005264 0.112109
8 0.129492 0.641289 0.005508 0.115859
7 0.898174 0.482812 0.005566 0.121094
3 0.741064 0.396797 0.011582 0.094844
7 0.548613 0.765469 0.010684 0.367969
8 0.545210 0.789062 0.017217 0.421875
1 0.512012 0.837500 0.041602 0.325000
1 0.718862 0.485859 0.013799 0.102812
7 0.701201 0.561367 0.008965 0.216797
1 0.679990 0.525000 0.017285 0.114844
1 0.639492 0.555547 0.025234 0.172656
1 0.610415 0.574180 0.030361 0.209141
1 0.562974 0.634688 0.032412 0.173438
7 0.750234 0.429805 0.003203 0.072891
1 0.394888 0.867422 0.060088 0.296562
7 0.398594 0.693203 0.006934 0.184844
1 0.064067 0.623828 0.017979 0.094531
