1 0.965864 0.602891 0.017881 0.112031
7 0.948120 0.660703 0.007256 0.213281
7 0.342480 0.603477 0.003711 0.133672
8 0.533433 0.482187 0.009170 0.199219
7 0.534668 0.501953 0.003496 0.162656
7 0.539702 0.492539 0.004404 0.176641
7 0.005854 0.633594 0.002529 0.095313
7 0.640469 0.515273 0.004785 0.133516
7 0.646035 0.517969 0.005762 0.135937
5 0.842285 0.923047 0.030469 0.152344
7 0.841797 0.757969 0.019648 0.295000
1 0.490244 0.433359 0.006074 0.058125
1 0.373906 0.618398 0.020605 0.114922
1 0.399395 0.623125 0.019629 0.110156
1 0.421025 0.579375 0.012695 0.052344
