1 0.478433 0.661523 0.015303 0.168359
3 0.475830 0.580234 0.019824 0.179063
7 0.792217 0.734492 0.014453 0.514766
7 0.689424 0.657969 0.011738 0.296563
8 0.709702 0.751836 0.010752 0.396328
1 0.598066 0.584766 0.026797 0.188281
1 0.935312 0.802227 0.062441 0.390703
1 0.508618 0.710078 0.017490 0.197969
1 0.011475 0.733125 0.022949 0.517813
1 0.496577 0.636719 0.008760 0.083906
1 0.406230 0.901172 0.074453 0.197656
1 0.432939 0.774219 0.030605 0.204688
1 0.638965 0.781641 0.083594 0.436719
1 0.971577 0.670000 0.021240 0.218594
