1 0.233931 0.679414 0.029229 0.151172
1 0.995713 0.673945 0.008711 0.204453
2 0.029243 0.514805 0.015576 0.198359
7 0.702681 0.761719 0.013076 0.466094
1 0.479517 0.588008 0.009189 0.100078
7 0.563691 0.647500 0.004687 0.199063
7 0.557026 0.655625 0.004678 0.215625
7 0.540015 0.602891 0.002432 0.150625
7 0.536675 0.596992 0.002432 0.153828
1 0.725146 0.385586 0.012344 0.052891
1 0.005044 0.677617 0.009170 0.224453
1 0.400430 0.785352 0.054766 0.423047
1 0.070649 0.780703 0.056318 0.404219
7 0.987207 0.543359 0.003320 0.088281
1 0.464194 0.606289 0.012607 0.157734
