1 0.977632 0.583320 0.015771 0.114141
1 0.011768 0.588477 0.023535 0.203672
1 0.171914 0.676211 0.021602 0.133516
1 0.956362 0.536992 0.010693 0.084297
1 0.121714 0.629258 0.018291 0.083359
1 0.536577 0.615469 0.014014 0.119687
1 0.081890 0.615820 0.019600 0.104453
1 0.545640 0.545625 0.012451 0.121094
3 0.545869 0.531406 0.013574 0.140469
1 0.192368 0.660273 0.018564 0.110703
1 0.790820 0.579844 0.018809 0.118281
1 0.027876 0.568750 0.025303 0.126719
1 0.526055 0.670586 0.022441 0.249453
7 0.904297 0.503633 0.006836 0.192266
