1 0.159312 0.587617 0.008760 0.055391
1 0.176230 0.908516 0.106699 0.182969
1 0.088936 0.583164 0.010371 0.151172
1 0.105366 0.607813 0.014639 0.154219
1 0.120483 0.639492 0.018174 0.143828
1 0.141333 0.646953 0.020107 0.151406
1 0.162900 0.688789 0.024785 0.191641
1 0.186567 0.717656 0.021396 0.173906
1 0.222588 0.653203 0.009707 0.088750
1 0.207739 0.657656 0.008506 0.080937
1 0.501460 0.826328 0.035439 0.326562
1 0.444263 0.795586 0.050068 0.403828
1 0.377358 0.759453 0.031436 0.322813
7 0.567695 0.675586 0.008027 0.288828
1 0.614214 0.527070 0.020361 0.111172
7 0.565508 0.542305 0.003359 0.101641
7 0.368062 0.692344 0.004756 0.181094
1 0.172920 0.570078 0.008750 0.076406
8 0.935557 0.320156 0.005254 0.078125
3 0.989644 0.417227 0.011104 0.143359
1 0.473384 0.633086 0.008252 0.063359
