7 0.416602 0.543633 0.004043 0.217422
8 0.619839 0.469531 0.002725 0.078906
7 0.665576 0.510156 0.003613 0.096875
1 0.655493 0.473437 0.007373 0.065625
1 0.700508 0.531719 0.009590 0.048750
1 0.798047 0.630273 0.004395 0.035078
1 0.797793 0.632969 0.004551 0.045937
1 0.844199 0.651992 0.009258 0.061797
1 0.966021 0.601367 0.015205 0.103359
5 0.944834 0.773438 0.011113 0.139063
7 0.942969 0.700078 0.004922 0.270781
7 0.895332 0.771094 0.007812 0.330000
7 0.972974 0.617188 0.002588 0.124688
7 0.535356 0.549961 0.004502 0.160859
7 0.540430 0.542578 0.002930 0.177344
1 0.490244 0.433359 0.006074 0.058125
1 0.373906 0.618398 0.020605 0.114922
1 0.399395 0.623125 0.019629 0.110156
1 0.421025 0.579375 0.012695 0.052344
