1 0.582515 0.520781 0.017393 0.110469
1 0.639268 0.516758 0.011816 0.074297
1 0.484829 0.798945 0.052979 0.402109
2 0.404277 0.435000 0.043477 0.233281
1 0.350117 0.553320 0.022891 0.121797
1 0.292026 0.557500 0.014209 0.087031
1 0.291646 0.545156 0.012100 0.064844
1 0.300371 0.550742 0.014590 0.087422
3 0.272627 0.515742 0.025000 0.116016
1 0.272339 0.526055 0.013115 0.074766
7 0.651602 0.562070 0.005840 0.111953
7 0.658389 0.553008 0.006094 0.102422
7 0.007051 0.563633 0.003809 0.128359
7 0.580313 0.517109 0.003906 0.071875
7 0.459893 0.526484 0.005078 0.120313
7 0.466396 0.527109 0.005664 0.117188
7 0.471572 0.524375 0.004102 0.114844
7 0.475527 0.521641 0.003027 0.112500
7 0.489639 0.526719 0.005859 0.116406
7 0.450293 0.522578 0.005664 0.114062
