1 0.486250 0.659063 0.012227 0.120000
1 0.062026 0.631914 0.019561 0.185703
1 0.143569 0.675039 0.015088 0.114297
1 0.217920 0.713828 0.012305 0.111094
1 0.121548 0.657188 0.015869 0.102969
1 0.433999 0.792031 0.029072 0.235625
1 0.038579 0.585625 0.008291 0.064531
1 0.506440 0.604180 0.011904 0.100859
1 0.464922 0.675977 0.015781 0.155234
7 0.548970 0.629023 0.006338 0.187578
1 0.193613 0.788047 0.015547 0.158906
1 0.229785 0.856016 0.086855 0.287969
1 0.023643 0.621289 0.019746 0.183203
1 0.503574 0.715391 0.019023 0.219531
1 0.333535 0.808789 0.139453 0.380078
3 0.004053 0.506680 0.008105 0.183672
2 0.014341 0.474102 0.009033 0.135234
