3 0.579629 0.536914 0.095918 0.451484
7 0.123882 0.642969 0.005029 0.094531
8 0.074312 0.618008 0.008467 0.143359
1 0.122744 0.652969 0.011309 0.061875
2 0.734761 0.394961 0.006650 0.088203
7 0.870820 0.431680 0.005566 0.121172
8 0.907021 0.448828 0.005273 0.100781
7 0.475767 0.768437 0.012393 0.383281
8 0.545210 0.789062 0.017217 0.421875
1 0.512012 0.837500 0.041602 0.325000
1 0.739956 0.433867 0.006455 0.052734
7 0.721401 0.527930 0.005732 0.169609
1 0.673530 0.529844 0.016611 0.114844
1 0.640430 0.564883 0.018750 0.176953
1 0.618130 0.575586 0.008486 0.195703
7 0.750508 0.429023 0.003203 0.072891
1 0.031782 0.721914 0.035967 0.278828
