1 0.986177 0.608086 0.025205 0.188203
1 0.466860 0.582461 0.012158 0.081953
7 0.084404 0.615234 0.007793 0.216875
7 0.112729 0.611367 0.007783 0.222266
7 0.334272 0.699570 0.008896 0.306172
7 0.833726 0.761250 0.013428 0.445625
7 0.347427 0.659297 0.007959 0.263594
7 0.117656 0.649141 0.007070 0.200313
7 0.965479 0.631016 0.007324 0.234531
7 0.945811 0.646953 0.005293 0.186094
8 0.923403 0.650937 0.007842 0.170625
7 0.893271 0.618008 0.006328 0.145391
7 0.883911 0.618477 0.005752 0.174297
7 0.826577 0.687930 0.008447 0.306953
1 0.464497 0.694688 0.017529 0.182187
7 0.982271 0.625742 0.006729 0.187422
