1 0.625127 0.516719 0.015273 0.080469
1 0.484717 0.797070 0.052285 0.405859
2 0.407417 0.429375 0.041221 0.229687
1 0.433525 0.559531 0.024941 0.134687
1 0.307241 0.565352 0.015518 0.087422
1 0.293018 0.545937 0.013262 0.072031
1 0.307520 0.551758 0.016895 0.093203
3 0.272773 0.513398 0.026562 0.126172
1 0.274727 0.530273 0.013125 0.074766
7 0.649517 0.564883 0.005830 0.111953
7 0.658389 0.553008 0.006094 0.102422
8 0.641895 0.519531 0.005469 0.053125
7 0.003105 0.560703 0.003789 0.161719
7 0.573799 0.517734 0.003906 0.071875
7 0.459893 0.526484 0.005078 0.120313
7 0.466396 0.527109 0.005664 0.117188
7 0.471572 0.524375 0.004102 0.114844
7 0.475527 0.521641 0.003027 0.112500
7 0.489541 0.526719 0.005859 0.116406
7 0.450293 0.522578 0.005664 0.114062
