1 0.389741 0.648516 0.016533 0.099375
7 0.967827 0.639180 0.008291 0.268984
7 0.632666 0.844531 0.018848 0.310937
7 0.913198 0.744180 0.012803 0.446172
7 0.535308 0.684570 0.007705 0.257891
7 0.517715 0.590977 0.003008 0.088203
7 0.525337 0.610313 0.004951 0.147031
1 0.646792 0.590195 0.033174 0.363203
1 0.214131 0.637656 0.020312 0.127344
1 0.030542 0.607148 0.014795 0.151172
1 0.005439 0.565781 0.008613 0.074688
1 0.481968 0.685469 0.016240 0.152969
1 0.221470 0.920898 0.100771 0.158203
2 0.016382 0.480430 0.011572 0.206172
