1 0.051270 0.568477 0.008828 0.066172
1 0.622061 0.684063 0.024043 0.130625
1 0.984790 0.787305 0.029600 0.439297
1 0.447920 0.838906 0.046953 0.328438
7 0.227490 0.549219 0.004102 0.080625
7 0.482808 0.645664 0.003857 0.101016
7 0.478608 0.639805 0.003076 0.072422
7 0.305625 0.500859 0.003438 0.105312
1 0.008213 0.854297 0.016270 0.291406
1 0.555928 0.710938 0.035312 0.161875
8 0.425181 0.590820 0.010225 0.140234
8 0.672588 0.649102 0.011973 0.177266
7 0.077339 0.593750 0.004658 0.127344
7 0.149346 0.554609 0.003887 0.096094
