7 0.908169 0.779805 0.013506 0.416016
7 0.375864 0.592187 0.003877 0.215625
1 0.653267 0.489141 0.008857 0.056250
1 0.966543 0.604766 0.016543 0.106250
7 0.924395 0.672813 0.001875 0.134062
7 0.989736 0.603438 0.002949 0.101250
8 0.584868 0.452344 0.009170 0.132813
7 0.534341 0.508867 0.002354 0.167734
7 0.538901 0.491875 0.003545 0.163281
5 0.909932 0.876797 0.016465 0.229844
1 0.490244 0.433359 0.006074 0.058125
1 0.373906 0.618398 0.020605 0.114922
1 0.399395 0.623125 0.019629 0.110156
1 0.421025 0.579375 0.012695 0.052344
