1 0.004546 0.623672 0.008174 0.158281
1 0.079248 0.575937 0.016113 0.109687
1 0.162632 0.623125 0.009814 0.088750
1 0.496670 0.550078 0.004082 0.043594
1 0.502715 0.543672 0.005859 0.038281
1 0.628975 0.528672 0.018945 0.128750
1 0.044575 0.706836 0.040635 0.395547
1 0.509956 0.575000 0.007939 0.077500
7 0.476392 0.771719 0.014014 0.389375
7 0.445815 0.770195 0.013838 0.384609
7 0.355752 0.737148 0.007207 0.270078
7 0.620308 0.553008 0.007080 0.150703
1 0.089292 0.801484 0.069502 0.382500
7 0.563120 0.488906 0.003428 0.106875
7 0.559590 0.485664 0.002910 0.104922
2 0.509521 0.512109 0.006738 0.063281
1 0.152158 0.645312 0.018613 0.118906
1 0.133418 0.596953 0.021426 0.128281
1 0.111577 0.600078 0.023936 0.068437
1 0.098140 0.583672 0.017217 0.101094
1 0.238203 0.898555 0.124570 0.202891
1 0.996875 0.605977 0.006250 0.144766
2 0.492227 0.536445 0.007539 0.100547
