1 0.395454 0.809961 0.060635 0.344922
1 0.014365 0.555977 0.009902 0.087891
1 0.502056 0.637383 0.012178 0.123203
1 0.473418 0.700781 0.025801 0.236094
1 0.249204 0.830547 0.064307 0.330781
1 0.873291 0.486211 0.019961 0.104766
1 0.066377 0.695078 0.025957 0.244844
1 0.024932 0.618672 0.017520 0.154219
1 0.444692 0.837969 0.042236 0.326250
1 0.212690 0.792734 0.149033 0.420000
1 0.857437 0.451250 0.017295 0.101250
2 0.842671 0.418125 0.021240 0.129375
1 0.498887 0.865625 0.041855 0.268750
2 0.012998 0.484492 0.009062 0.128203
1 0.005767 0.526250 0.006924 0.050000
