1 0.991611 0.603516 0.014082 0.156250
1 0.413555 0.855469 0.065078 0.289062
1 0.418525 0.863203 0.050000 0.337969
7 0.545850 0.593359 0.002637 0.096094
7 0.455322 0.666562 0.003418 0.137813
7 0.521343 0.575859 0.003604 0.079531
7 0.955591 0.532500 0.003545 0.149687
7 0.028101 0.555742 0.004014 0.130703
7 0.459580 0.664453 0.005762 0.110156
7 0.461543 0.657734 0.007070 0.104531
7 0.462207 0.617695 0.002480 0.058828
7 0.465601 0.640664 0.003877 0.104453
7 0.028252 0.556016 0.004355 0.126094
7 0.493311 0.683555 0.004980 0.213516
