1 0.860439 0.905938 0.090781 0.149062
1 0.925713 0.786992 0.079570 0.421953
1 0.498257 0.604648 0.009854 0.090234
1 0.515811 0.613945 0.014316 0.111172
1 0.960225 0.758672 0.039434 0.331250
1 0.522031 0.716445 0.013496 0.255703
3 0.040947 0.530898 0.013262 0.178984
7 0.941343 0.585391 0.006436 0.158594
1 0.707603 0.662383 0.019697 0.229766
1 0.928042 0.822969 0.055830 0.300937
1 0.069399 0.652266 0.016123 0.126875
1 0.023408 0.669414 0.023613 0.207734
3 0.613252 0.497773 0.159297 1.012109
3 0.207192 0.584883 0.268760 0.799453
