1 0.434497 0.605742 0.020361 0.114141
7 0.233223 0.648516 0.004199 0.075781
3 0.329102 0.613672 0.080469 0.260156
7 0.511069 0.725000 0.012217 0.310781
7 0.600488 0.634805 0.008008 0.271172
7 0.608848 0.563906 0.005410 0.140938
1 0.554790 0.512930 0.013877 0.075078
7 0.006943 0.571172 0.005957 0.184375
1 0.614692 0.468320 0.010557 0.053516
1 0.485547 0.852734 0.039648 0.294531
1 0.411475 0.592812 0.020215 0.145000
1 0.989551 0.550234 0.020898 0.197969
8 0.551289 0.642852 0.016621 0.232578
5 0.550913 0.690664 0.016104 0.146797
