1 0.463760 0.530234 0.014668 0.090000
1 0.390073 0.493789 0.013701 0.079453
1 0.445889 0.820391 0.038145 0.344687
1 0.085596 0.809766 0.071973 0.380469
7 0.391724 0.603242 0.006885 0.212891
7 0.102261 0.530117 0.005439 0.138359
7 0.162280 0.521680 0.006689 0.206641
7 0.180312 0.543672 0.004062 0.228594
7 0.121885 0.528672 0.007285 0.160625
7 0.659453 0.750117 0.009766 0.473828
1 0.407969 0.486250 0.016191 0.089062
1 0.564258 0.595625 0.013672 0.100469
1 0.541187 0.571953 0.018232 0.087656
3 0.024517 0.504102 0.016709 0.198672
1 0.423311 0.525508 0.016367 0.076641
