1 0.518320 0.528008 0.026035 0.156328
1 0.615723 0.520742 0.015996 0.087734
1 0.266074 0.565625 0.015273 0.082813
7 0.648911 0.532383 0.004951 0.067891
8 0.635303 0.516719 0.003906 0.050000
1 0.484937 0.800742 0.053643 0.398516
2 0.403901 0.436406 0.040537 0.228750
1 0.314785 0.550703 0.020937 0.109531
1 0.284971 0.560742 0.012969 0.086641
1 0.290776 0.544414 0.010986 0.058047
1 0.300142 0.546250 0.013975 0.098125
3 0.272900 0.513008 0.024336 0.116172
1 0.268003 0.522695 0.013115 0.074766
7 0.653003 0.559414 0.005830 0.111953
7 0.658389 0.553008 0.006094 0.102422
7 0.010273 0.554414 0.003867 0.123359
7 0.586494 0.516484 0.003906 0.071875
7 0.459893 0.526484 0.005078 0.120313
7 0.466396 0.527109 0.005664 0.117188
7 0.471572 0.524375 0.004102 0.114844
7 0.475527 0.521641 0.003027 0.112500
7 0.489639 0.526719 0.005859 0.116406
7 0.450293 0.522578 0.005664 0.114062
