1 0.503188 0.623477 0.012119 0.086016
1 0.425552 0.702891 0.018857 0.160313
7 0.528799 0.630391 0.004727 0.121250
7 0.374419 0.699375 0.006084 0.143750
8 0.978003 0.567227 0.004658 0.161328
1 0.007202 0.612773 0.013252 0.178359
1 0.483599 0.648477 0.011768 0.131797
1 0.079341 0.811211 0.048760 0.369922
1 0.033457 0.626367 0.014824 0.148828
1 0.501909 0.810742 0.031221 0.345234
1 0.100342 0.624922 0.021641 0.177187
2 0.306963 0.644883 0.065215 0.331016
1 0.178521 0.717148 0.040283 0.223047
1 0.464727 0.790781 0.030820 0.265937
1 0.333418 0.869023 0.099766 0.241797
