1 0.255801 0.675000 0.015234 0.161094
1 0.130347 0.572461 0.010459 0.078516
1 0.328809 0.702070 0.042187 0.220391
1 0.695342 0.643242 0.020527 0.089766
1 0.747119 0.652383 0.007520 0.045391
1 0.755845 0.646602 0.007588 0.050078
7 0.336768 0.564961 0.004004 0.086172
7 0.480869 0.568164 0.004648 0.138672
1 0.855620 0.650469 0.013232 0.100469
7 0.919585 0.574219 0.004580 0.153125
1 0.848428 0.693047 0.018926 0.094531
1 0.790859 0.668594 0.007812 0.077813
1 0.781270 0.673008 0.020898 0.126797
1 0.541714 0.591016 0.013447 0.121094
