1 0.160576 0.591602 0.008711 0.055391
1 0.992246 0.458008 0.005156 0.050391
1 0.123135 0.878086 0.093867 0.234609
1 0.092197 0.595898 0.011738 0.151172
1 0.108379 0.614414 0.015449 0.154141
1 0.123525 0.645625 0.018848 0.147969
1 0.144268 0.648555 0.020664 0.158359
1 0.166670 0.696484 0.025059 0.199844
1 0.190288 0.721641 0.021045 0.181562
1 0.224233 0.649687 0.009697 0.088750
1 0.209185 0.657656 0.008506 0.080937
1 0.501104 0.826406 0.036406 0.328750
1 0.444805 0.790469 0.048516 0.412812
1 0.388652 0.700039 0.017969 0.191953
7 0.576304 0.686016 0.008018 0.288906
1 0.613408 0.524883 0.021289 0.111172
7 0.574648 0.528164 0.003359 0.092109
7 0.369111 0.688906 0.004648 0.177031
7 0.630337 0.512734 0.003271 0.072344
1 0.174644 0.570664 0.008760 0.076484
8 0.911748 0.244141 0.006367 0.087656
3 0.987578 0.427930 0.009805 0.126328
1 0.473853 0.626914 0.008760 0.061953
