1 0.014712 0.784297 0.027861 0.438437
1 0.079248 0.575937 0.016113 0.109687
1 0.162261 0.622188 0.009072 0.086875
1 0.995034 0.466602 0.007959 0.054297
1 0.488359 0.577695 0.004746 0.056328
1 0.513213 0.537500 0.007090 0.035156
1 0.493496 0.563516 0.005859 0.038281
1 0.628354 0.526563 0.018076 0.124375
1 0.044575 0.701484 0.043271 0.426094
1 0.511831 0.559180 0.005146 0.039453
7 0.548989 0.721797 0.008838 0.339375
7 0.519233 0.759844 0.011924 0.391250
7 0.327617 0.701172 0.007656 0.157031
7 0.665981 0.525391 0.005635 0.046875
1 0.090547 0.804219 0.067480 0.385781
7 0.566519 0.570703 0.003428 0.115000
7 0.562876 0.562227 0.003115 0.138672
1 0.151455 0.647695 0.017207 0.114141
1 0.133418 0.596953 0.021426 0.128281
1 0.111577 0.603867 0.023936 0.060859
1 0.098140 0.583672 0.017217 0.101094
1 0.238203 0.898555 0.124570 0.202891
1 0.996177 0.792109 0.007646 0.387344
2 0.479932 0.543906 0.012598 0.146562
