5 0.930415 0.610273 0.012373 0.105391
8 0.976284 0.527109 0.003994 0.096094
5 0.881807 0.712734 0.012363 0.139531
1 0.503369 0.485703 0.015527 0.089531
5 0.894102 0.664023 0.007852 0.136016
5 0.228540 0.635703 0.013662 0.218281
5 0.250127 0.633672 0.009258 0.265469
5 0.873916 0.728398 0.013262 0.128672
5 0.862549 0.749805 0.016250 0.122266
5 0.141118 0.590742 0.016357 0.165859
5 0.856416 0.754453 0.011387 0.151094
5 0.159395 0.581914 0.006406 0.192422
5 0.169336 0.594922 0.012695 0.225781
5 0.850898 0.764492 0.015195 0.146016
5 0.164937 0.591445 0.010166 0.175078
5 0.179214 0.620977 0.011299 0.175859
5 0.188750 0.614883 0.009805 0.174609
5 0.198604 0.622266 0.008457 0.211719
5 0.212813 0.642461 0.010000 0.219609
7 0.174473 0.544570 0.009629 0.301484
7 0.263804 0.615625 0.016143 0.406250
1 0.349751 0.515313 0.026045 0.171406
5 0.792944 0.842344 0.007646 0.192969
5 0.771240 0.856875 0.008105 0.188594
5 0.749434 0.851836 0.010313 0.193203
5 0.737539 0.856953 0.009336 0.172656
5 0.727158 0.830664 0.008125 0.182578
5 0.716367 0.856914 0.007305 0.201797
7 0.634443 0.756992 0.007422 0.203359
1 0.610435 0.666797 0.016084 0.094531
