1 0.440088 0.586758 0.017988 0.127422
1 0.416948 0.644414 0.023428 0.138828
8 0.605874 0.563516 0.009131 0.184688
1 0.368706 0.627891 0.022178 0.132812
1 0.571240 0.500859 0.015234 0.087500
3 0.359136 0.574336 0.050205 0.224922
1 0.384209 0.823125 0.033984 0.288906
1 0.990264 0.568242 0.018672 0.163828
1 0.485864 0.833711 0.038447 0.326484
1 0.016455 0.617227 0.016719 0.140547
1 0.028257 0.797734 0.052588 0.387031
1 0.374976 0.594141 0.019717 0.160469
7 0.071563 0.577109 0.005469 0.152656
7 0.957954 0.686758 0.009424 0.338516
7 0.965439 0.624414 0.004863 0.248047
7 0.979932 0.545312 0.005078 0.122031
3 0.612710 0.469297 0.033350 0.188906
2 0.546270 0.523984 0.026797 0.177031
3 0.284238 0.581953 0.040527 0.153906
