2 0.020791 0.504687 0.014863 0.240625
1 0.037920 0.676914 0.023633 0.289766
1 0.130332 0.886133 0.107148 0.223828
1 0.220679 0.882773 0.075830 0.234453
1 0.453076 0.822266 0.043457 0.355469
1 0.483218 0.698984 0.014424 0.112969
7 0.125757 0.679141 0.011084 0.197969
1 0.011875 0.792500 0.023418 0.399062
1 0.983862 0.612812 0.020596 0.220000
3 0.669287 0.502070 0.275293 0.995859
1 0.518994 0.649141 0.014023 0.105625
3 0.512700 0.557344 0.009170 0.143437
1 0.502402 0.738281 0.023828 0.275000
2 0.503081 0.558594 0.009658 0.145312
1 0.994141 0.845586 0.011719 0.308828
