1 0.481948 0.559844 0.023096 0.134375
3 0.405518 0.557773 0.053809 0.224922
1 0.343730 0.718906 0.028867 0.184375
1 0.991030 0.580547 0.017275 0.162500
1 0.486313 0.844180 0.039072 0.297734
1 0.022002 0.607422 0.014355 0.124062
1 0.028159 0.830195 0.048428 0.336484
1 0.324526 0.643359 0.017764 0.122656
2 0.297808 0.622383 0.017979 0.131797
8 0.574644 0.641055 0.011592 0.268516
7 0.074844 0.583125 0.004980 0.148438
7 0.936050 0.753398 0.012939 0.405547
7 0.970234 0.609063 0.004687 0.214219
7 0.977705 0.564102 0.004980 0.139141
3 0.556724 0.470039 0.051201 0.272734
3 0.612656 0.469297 0.033457 0.188906
2 0.454136 0.588242 0.031787 0.188984
3 0.254497 0.607422 0.039600 0.153906
