5 0.641245 0.692891 0.016201 0.224687
5 0.626431 0.685312 0.012725 0.160625
6 0.724609 0.771211 0.014707 0.450234
6 0.671577 0.792227 0.015635 0.401484
6 0.626699 0.765937 0.018672 0.330625
6 0.605654 0.711406 0.022109 0.282656
1 0.920117 0.452734 0.018555 0.094531
1 0.951460 0.462461 0.012627 0.085234
1 0.937373 0.435039 0.015684 0.128359
5 0.872285 0.673281 0.018320 0.340312
5 0.605796 0.638320 0.018467 0.171172
6 0.708394 0.714141 0.013682 0.400469
6 0.713379 0.768008 0.013398 0.408047
6 0.694102 0.788594 0.015313 0.422813
6 0.639897 0.801250 0.016533 0.372500
1 0.949023 0.473008 0.011914 0.082109
1 0.937515 0.437461 0.015303 0.120391
5 0.873545 0.681992 0.015430 0.356328
5 0.867437 0.683906 0.010049 0.380625
