1 0.965913 0.606172 0.018018 0.110469
7 0.947124 0.665391 0.007256 0.213281
7 0.345205 0.598828 0.005059 0.157031
8 0.536670 0.478672 0.009180 0.199219
7 0.534639 0.502539 0.003398 0.163047
7 0.539702 0.492031 0.004404 0.176563
7 0.004004 0.625000 0.002539 0.090625
7 0.642422 0.519961 0.004785 0.133516
7 0.647939 0.516797 0.005762 0.135937
5 0.850840 0.920234 0.030469 0.156094
7 0.849766 0.807109 0.019648 0.376406
1 0.490244 0.433359 0.006074 0.058125
1 0.373906 0.618398 0.020605 0.114922
1 0.399395 0.623125 0.019629 0.110156
1 0.421025 0.579375 0.012695 0.052344
