1 0.506143 0.591562 0.008867 0.075313
1 0.237676 0.845586 0.056484 0.308828
1 0.034556 0.582930 0.013467 0.103359
1 0.079561 0.617930 0.012695 0.094141
7 0.431748 0.692539 0.005391 0.128203
1 0.390850 0.859453 0.088281 0.237031
1 0.122207 0.650547 0.033906 0.208281
7 0.221768 0.755156 0.008262 0.239062
7 0.442720 0.664453 0.007041 0.136094
7 0.642202 0.753242 0.024619 0.439141
5 0.628135 0.930078 0.020664 0.139844
1 0.006465 0.580273 0.012285 0.148359
1 0.488838 0.634141 0.011074 0.110781
1 0.053618 0.755391 0.033799 0.304688
1 0.025332 0.597969 0.011523 0.095469
1 0.506299 0.734336 0.022031 0.240703
1 0.469170 0.767656 0.025430 0.232344
