1 0.530015 0.843633 0.040693 0.271797
1 0.959785 0.545664 0.009414 0.092578
1 0.966025 0.810586 0.050098 0.398203
1 0.468950 0.621328 0.012900 0.111406
1 0.471714 0.648086 0.010811 0.138828
1 0.453125 0.585078 0.007930 0.075156
1 0.466763 0.602305 0.012568 0.088672
1 0.570586 0.650352 0.024707 0.120703
1 0.589233 0.891094 0.053213 0.234062
1 0.122251 0.582773 0.025186 0.153203
1 0.059917 0.680156 0.035088 0.288594
3 0.499946 0.600117 0.065166 0.478203
3 0.350635 0.570898 0.155957 0.858203
7 0.844312 0.659453 0.008057 0.141094
7 0.822930 0.672813 0.008789 0.218281
