7 0.902295 0.777969 0.013750 0.405938
7 0.368848 0.595313 0.004102 0.215625
7 0.658735 0.512109 0.001846 0.107813
1 0.651152 0.485703 0.007129 0.056250
1 0.966079 0.609609 0.017139 0.107969
7 0.992534 0.600781 0.002412 0.101250
7 0.016577 0.560703 0.001904 0.047500
8 0.578125 0.451445 0.009180 0.181484
7 0.534399 0.507695 0.002549 0.166797
7 0.539702 0.487383 0.004404 0.176641
5 0.902793 0.876797 0.017969 0.229844
1 0.490244 0.433359 0.006074 0.058125
1 0.373906 0.618398 0.020605 0.114922
1 0.399395 0.623125 0.019629 0.110156
1 0.421025 0.579375 0.012695 0.052344
