1 0.550483 0.595664 0.013057 0.148516
1 0.573477 0.604102 0.013887 0.121484
1 0.150659 0.829688 0.109033 0.340625
1 0.947266 0.769219 0.035293 0.357500
1 0.599731 0.814688 0.065225 0.383281
1 0.429150 0.610156 0.019355 0.126406
8 0.114194 0.643242 0.012939 0.207422
2 0.516108 0.538359 0.022607 0.156094
7 0.625161 0.560391 0.006318 0.157500
7 0.631719 0.557578 0.005801 0.177656
1 0.494453 0.557305 0.014434 0.085391
1 0.506982 0.568711 0.016895 0.077109
1 0.620298 0.558203 0.010244 0.101094
1 0.604263 0.556875 0.013740 0.100781
5 0.115176 0.783672 0.018437 0.129531
1 0.388447 0.614102 0.011973 0.090859
1 0.253271 0.674492 0.016035 0.085703
1 0.377671 0.579180 0.010693 0.054609
1 0.365591 0.563516 0.006963 0.053594
1 0.358711 0.557109 0.006172 0.037031
7 0.942842 0.588633 0.007188 0.139922
1 0.301035 0.682070 0.016563 0.069141
