3 0.563574 0.542656 0.094219 0.446875
7 0.122822 0.642539 0.005059 0.094609
8 0.077217 0.618398 0.008633 0.144141
1 0.126626 0.654961 0.010420 0.055234
2 0.735371 0.394219 0.006563 0.087500
7 0.871992 0.432188 0.005566 0.121094
8 0.907021 0.448828 0.005273 0.100781
7 0.478726 0.759492 0.011377 0.387578
8 0.545210 0.789062 0.017217 0.421875
1 0.512012 0.837500 0.041602 0.325000
1 0.739258 0.435586 0.006465 0.052734
7 0.720557 0.529531 0.005664 0.171875
1 0.673276 0.529844 0.017119 0.114844
1 0.640137 0.564180 0.019727 0.176953
1 0.615913 0.582383 0.016396 0.194453
7 0.750508 0.429023 0.003203 0.072891
1 0.033477 0.727266 0.037676 0.296094
