1 0.033169 0.528047 0.019326 0.137188
2 0.641758 0.622422 0.032637 0.223906
1 0.660601 0.668008 0.025713 0.054141
1 0.995361 0.598945 0.008789 0.370859
1 0.547417 0.682305 0.033564 0.229609
5 0.531855 0.605156 0.008789 0.059375
5 0.527275 0.563555 0.011641 0.064141
5 0.410366 0.520313 0.017744 0.083281
1 0.321396 0.523398 0.030840 0.148359
7 0.301440 0.513555 0.006104 0.134922
5 0.434346 0.487422 0.014102 0.063281
1 0.007393 0.602695 0.014785 0.342266
1 0.265225 0.515078 0.023066 0.098906
1 0.206768 0.535898 0.023672 0.098672
