1 0.501572 0.633867 0.015215 0.152422
1 0.692314 0.930078 0.124512 0.175000
1 0.533232 0.719844 0.021074 0.220312
1 0.015259 0.564180 0.014463 0.112109
1 0.986182 0.613125 0.012754 0.144375
1 0.567246 0.844688 0.049473 0.327812
1 0.525151 0.625977 0.014268 0.112422
1 0.528208 0.659492 0.016260 0.130547
3 0.502593 0.591562 0.016182 0.179531
7 0.457441 0.612773 0.004258 0.108359
8 0.457412 0.608281 0.004805 0.099063
3 0.915796 0.502969 0.142939 0.994062
1 0.009175 0.720117 0.017861 0.268672
3 0.065977 0.610703 0.063125 0.485469
