1 0.050093 0.587305 0.007021 0.074922
2 0.451753 0.638867 0.034971 0.361797
1 0.228589 0.896484 0.079834 0.207031
1 0.095303 0.734922 0.039238 0.321563
8 0.210146 0.330937 0.005352 0.092656
5 0.210181 0.384922 0.009814 0.042812
1 0.503735 0.603477 0.009951 0.104453
1 0.041616 0.574531 0.011299 0.104844
1 0.013574 0.743828 0.026973 0.323281
1 0.505635 0.788125 0.033398 0.293750
7 0.880889 0.538477 0.008164 0.378516
7 0.889258 0.591016 0.015820 0.425781
1 0.025313 0.572656 0.008594 0.073281
7 0.080249 0.599609 0.005322 0.128750
