7 0.903120 0.778906 0.013857 0.415937
7 0.369824 0.592187 0.004492 0.215625
7 0.658735 0.512109 0.001846 0.107813
1 0.651426 0.487109 0.007129 0.056250
1 0.966484 0.606445 0.017207 0.106484
7 0.991982 0.600313 0.002949 0.101250
7 0.016504 0.560938 0.001914 0.047500
8 0.578472 0.458203 0.007314 0.160156
7 0.534390 0.507891 0.002510 0.167031
7 0.539570 0.488125 0.004258 0.174375
5 0.904424 0.877734 0.016465 0.229844
1 0.490244 0.433359 0.006074 0.058125
1 0.373906 0.618398 0.020605 0.114922
1 0.399395 0.623125 0.019629 0.110156
1 0.421025 0.579375 0.012695 0.052344
