1 0.754473 0.587148 0.014629 0.127734
1 0.779043 0.549961 0.019961 0.091172
1 0.781685 0.458945 0.008252 0.080703
1 0.712705 0.709688 0.046973 0.363125
1 0.992349 0.563359 0.008174 0.065000
1 0.858437 0.476562 0.010527 0.076563
1 0.872510 0.481641 0.011230 0.061719
1 0.835322 0.484531 0.009180 0.058594
2 0.522622 0.559883 0.009326 0.097422
1 0.985684 0.518203 0.009766 0.072812
1 0.889824 0.482578 0.013437 0.057031
1 0.843159 0.488086 0.006709 0.065078
1 0.847832 0.484492 0.007656 0.057109
1 0.732539 0.516016 0.016367 0.144531
