7 0.081484 0.575664 0.005273 0.102734
1 0.493599 0.867656 0.035967 0.261719
1 0.501421 0.761836 0.028408 0.189609
1 0.557378 0.631328 0.025166 0.174375
1 0.590508 0.668398 0.020000 0.103047
1 0.617124 0.656836 0.018330 0.095859
1 0.640376 0.654453 0.015732 0.102031
1 0.042764 0.588516 0.009160 0.065156
1 0.061265 0.557500 0.009014 0.085938
1 0.127441 0.594336 0.022324 0.132891
8 0.031338 0.601367 0.007676 0.118359
7 0.077158 0.578555 0.005645 0.127266
8 0.319736 0.527969 0.006211 0.108437
8 0.449561 0.633242 0.007070 0.172422
7 0.488813 0.636289 0.004971 0.109297
7 0.493389 0.636523 0.004102 0.101484
