1 0.923877 0.437578 0.019238 0.137344
3 0.436514 0.634883 0.051387 0.376016
1 0.207041 0.797695 0.084902 0.411797
3 0.209390 0.605898 0.138564 0.614453
1 0.988306 0.495273 0.023389 0.140703
1 0.483198 0.626836 0.012217 0.112109
1 0.016279 0.591406 0.026855 0.234531
1 0.958018 0.519492 0.024297 0.139297
1 0.465762 0.805781 0.035859 0.306875
1 0.090376 0.824570 0.067510 0.324297
3 0.076313 0.537266 0.075283 0.446406
7 0.038779 0.486445 0.004922 0.100547
7 0.036655 0.475195 0.003975 0.103516
7 0.031709 0.487500 0.004746 0.101563
7 0.926606 0.697734 0.015029 0.452969
