1 0.506328 0.589531 0.009102 0.075781
1 0.304058 0.858633 0.056553 0.316172
1 0.035547 0.594219 0.014023 0.100469
1 0.091885 0.650859 0.018770 0.129375
7 0.435161 0.672383 0.005439 0.118047
1 0.095576 0.669805 0.024180 0.149922
1 0.386621 0.865938 0.088281 0.237031
1 0.145952 0.695508 0.040771 0.216797
7 0.240273 0.773008 0.008262 0.239141
7 0.600063 0.748203 0.017432 0.439219
5 0.605288 0.890195 0.020654 0.194453
1 0.006235 0.585000 0.012549 0.153750
1 0.489048 0.632344 0.010459 0.100625
1 0.055645 0.774531 0.035996 0.328281
1 0.025659 0.614453 0.012158 0.099688
1 0.506011 0.735625 0.022705 0.247031
1 0.469287 0.766133 0.025430 0.232422
