1 0.493311 0.606758 0.008301 0.081641
1 0.485293 0.654102 0.013281 0.136953
1 0.053809 0.679570 0.021348 0.198203
1 0.075811 0.608359 0.035410 0.294844
1 0.454673 0.687891 0.021943 0.203594
1 0.432788 0.716641 0.021045 0.160469
7 0.527778 0.588125 0.004854 0.104688
1 0.217891 0.734258 0.018711 0.170078
1 0.265137 0.819531 0.081445 0.360938
1 0.029512 0.651289 0.021621 0.216484
1 0.503916 0.727227 0.020742 0.240078
1 0.368149 0.816172 0.116572 0.363594
3 0.004961 0.512383 0.009648 0.219453
2 0.017705 0.480781 0.010918 0.163281
