1 0.399473 0.622578 0.020840 0.121563
1 0.317461 0.660703 0.019023 0.122969
7 0.177979 0.838828 0.008926 0.314063
7 0.181104 0.775430 0.017578 0.436641
7 0.186367 0.800625 0.009355 0.306562
7 0.607402 0.562266 0.004492 0.144531
1 0.665166 0.468594 0.013418 0.125312
1 0.990083 0.569297 0.018330 0.160625
1 0.340015 0.635977 0.019658 0.119922
1 0.315723 0.620937 0.015820 0.113125
1 0.444492 0.572422 0.019805 0.122500
3 0.468550 0.530547 0.063193 0.217656
7 0.182085 0.830430 0.009600 0.333672
7 0.916230 0.789180 0.014863 0.427422
7 0.789062 0.746406 0.024805 0.500469
1 0.579688 0.525664 0.004102 0.098672
1 0.486753 0.860820 0.040928 0.274766
1 0.377881 0.782813 0.026074 0.175000
1 0.299473 0.620391 0.011426 0.106250
3 0.617803 0.487656 0.035254 0.182344
1 0.269443 0.625156 0.005762 0.057031
