1 0.287632 0.917539 0.083408 0.193047
1 0.396904 0.678438 0.017637 0.136094
1 0.401890 0.703945 0.028057 0.170859
2 0.059043 0.575156 0.028398 0.201250
7 0.008345 0.595742 0.004404 0.121016
1 0.007603 0.599687 0.015205 0.100000
1 0.503247 0.709297 0.045264 0.239219
7 0.487842 0.581719 0.003223 0.088125
7 0.741680 0.481719 0.003027 0.102188
7 0.964854 0.562266 0.002148 0.090000
7 0.966992 0.556250 0.002422 0.082031
8 0.976885 0.604453 0.005879 0.134219
5 0.976758 0.671563 0.006055 0.131719
1 0.551562 0.623047 0.042578 0.283594
7 0.642285 0.720898 0.015430 0.447109
7 0.575098 0.773438 0.015234 0.453125
7 0.941870 0.559961 0.003877 0.126172
7 0.047764 0.634297 0.006250 0.162031
7 0.017759 0.605859 0.004424 0.142656
7 0.398643 0.710273 0.005176 0.240859
7 0.484287 0.601680 0.002910 0.109141
7 0.753403 0.466562 0.002939 0.087656
5 0.844038 0.440156 0.004736 0.050156
8 0.844365 0.404727 0.002910 0.083203
