3 0.025112 0.489141 0.009736 0.141406
3 0.057573 0.518086 0.040303 0.272891
1 0.053188 0.736211 0.026436 0.241641
1 0.022217 0.590820 0.010742 0.084766
1 0.004829 0.634375 0.009658 0.131250
1 0.997749 0.609023 0.004502 0.171484
1 0.412935 0.871016 0.060850 0.248281
1 0.974272 0.638477 0.018076 0.232422
1 0.504810 0.833867 0.039795 0.332266
1 0.505825 0.631445 0.018643 0.104766
1 0.473252 0.685273 0.016504 0.131953
8 0.590073 0.486602 0.004463 0.078672
8 0.578735 0.524062 0.005693 0.100625
8 0.624775 0.604805 0.009141 0.203516
1 0.986592 0.552891 0.009551 0.106563
1 0.525435 0.625664 0.011553 0.148516
1 0.631353 0.750469 0.120869 0.499062
1 0.483135 0.611445 0.009668 0.079922
