7 0.881250 0.421875 0.002246 0.074219
1 0.708530 0.481992 0.009482 0.083672
7 0.074604 0.625820 0.005264 0.148984
7 0.918721 0.511367 0.004590 0.121172
8 0.954346 0.537891 0.005273 0.118750
3 0.733091 0.434375 0.021865 0.150938
7 0.604155 0.710391 0.010361 0.337656
8 0.545210 0.789062 0.017217 0.421875
1 0.512012 0.837500 0.041602 0.325000
1 0.649980 0.586445 0.027148 0.168672
7 0.679170 0.592695 0.009453 0.248516
1 0.691060 0.515117 0.014365 0.111953
1 0.653745 0.540234 0.022998 0.158906
1 0.625137 0.561250 0.028223 0.189688
1 0.577275 0.627344 0.032402 0.173438
7 0.749316 0.432578 0.003203 0.072969
1 0.503979 0.676680 0.035342 0.201328
7 0.414458 0.706484 0.007100 0.242969
1 0.107876 0.642891 0.013115 0.096719
