1 0.677856 0.572852 0.017432 0.119141
1 0.978906 0.664805 0.013223 0.165078
1 0.504546 0.614727 0.013018 0.098672
7 0.435757 0.645938 0.007471 0.146094
7 0.475342 0.641758 0.006309 0.152891
7 0.716753 0.537539 0.004893 0.125859
7 0.483027 0.647070 0.006172 0.151328
7 0.217119 0.667227 0.008652 0.254609
1 0.725107 0.472109 0.005176 0.048438
1 0.841421 0.413047 0.006709 0.067656
1 0.988643 0.524414 0.011602 0.128359
1 0.049233 0.564883 0.016553 0.076953
7 0.454546 0.652852 0.005225 0.133672
1 0.531875 0.840938 0.047148 0.304688
1 0.012271 0.799922 0.024307 0.400469
1 0.988696 0.796523 0.023037 0.408359
1 0.633340 0.618828 0.023359 0.133906
1 0.653984 0.593633 0.016582 0.095391
7 0.948311 0.594258 0.006426 0.224141
7 0.082476 0.636875 0.008701 0.295000
7 0.767773 0.500273 0.005566 0.113359
1 0.607959 0.567148 0.041699 0.286641
