1 0.479380 0.723242 0.015635 0.145391
1 0.295303 0.677930 0.014824 0.180859
1 0.718818 0.545898 0.013613 0.126172
7 0.438667 0.708281 0.006514 0.212812
1 0.671475 0.563203 0.017109 0.175000
1 0.683828 0.554883 0.009102 0.105078
1 0.691611 0.510352 0.008926 0.082109
2 0.488989 0.549531 0.010674 0.172813
7 0.434023 0.691406 0.004492 0.161719
1 0.023662 0.585430 0.010293 0.101016
1 0.014570 0.798047 0.028848 0.392344
1 0.314800 0.727930 0.027900 0.183828
1 0.987378 0.597109 0.016064 0.194844
3 0.918604 0.500664 0.126465 0.998672
1 0.542695 0.763203 0.034434 0.266094
3 0.521455 0.571875 0.014316 0.242188
1 0.499487 0.766133 0.025400 0.292578
2 0.502344 0.552773 0.012852 0.157422
1 0.993398 0.845586 0.013203 0.308828
1 0.622339 0.598398 0.009033 0.159453
1 0.256880 0.899531 0.110830 0.200937
