1 0.246069 0.681445 0.029521 0.152734
1 0.995649 0.672617 0.008877 0.201797
2 0.031953 0.513477 0.018301 0.231641
7 0.661885 0.769414 0.012422 0.453828
1 0.480059 0.585547 0.008828 0.096094
7 0.558213 0.628125 0.004395 0.168438
7 0.552041 0.640000 0.004082 0.177500
7 0.538394 0.603984 0.002432 0.150625
7 0.535254 0.599141 0.002422 0.153906
1 0.719556 0.388516 0.012354 0.052812
1 0.004893 0.678359 0.008848 0.220000
1 0.407905 0.789102 0.050615 0.405859
1 0.071289 0.787500 0.046680 0.368750
7 0.985156 0.548047 0.003320 0.088281
1 0.465132 0.602617 0.012314 0.152734
