1 0.465884 0.818125 0.028135 0.273750
1 0.274121 0.668438 0.011133 0.163125
1 0.736934 0.553711 0.012578 0.116172
7 0.431865 0.723750 0.006191 0.221562
1 0.689644 0.569883 0.017822 0.191328
1 0.701094 0.573555 0.008066 0.105078
1 0.703643 0.512813 0.008457 0.086563
2 0.487256 0.568750 0.015137 0.246875
7 0.417939 0.720547 0.004824 0.184844
1 0.018301 0.549375 0.007734 0.071563
1 0.263037 0.628672 0.011230 0.139063
1 0.014175 0.791133 0.028018 0.401328
1 0.288281 0.724336 0.025977 0.209766
1 0.986982 0.597695 0.016543 0.197578
3 0.893789 0.500820 0.171445 0.998359
1 0.536411 0.737773 0.030518 0.238984
3 0.520186 0.574063 0.013574 0.229063
1 0.499126 0.762734 0.025400 0.293750
2 0.502163 0.549609 0.012725 0.155625
1 0.993574 0.845586 0.012852 0.308828
1 0.641880 0.606875 0.006865 0.186250
1 0.061719 0.770391 0.049668 0.386250
