1 0.352305 0.687617 0.019414 0.117109
7 0.982959 0.570078 0.005527 0.157344
7 0.960464 0.715664 0.011416 0.365703
7 0.961450 0.583984 0.007100 0.216406
7 0.587383 0.775000 0.016777 0.450000
7 0.524053 0.614102 0.003926 0.126172
7 0.537417 0.643320 0.007314 0.225547
1 0.783462 0.601758 0.030791 0.413516
1 0.724805 0.509961 0.020801 0.227734
1 0.776768 0.528398 0.016426 0.167578
1 0.771240 0.466367 0.010703 0.107734
1 0.732031 0.479023 0.009844 0.145859
1 0.178159 0.623906 0.016924 0.105312
1 0.025586 0.584922 0.014590 0.147500
1 0.006094 0.565430 0.009238 0.079141
1 0.478613 0.734766 0.018242 0.177500
1 0.111738 0.865117 0.078027 0.269766
2 0.017319 0.487695 0.010908 0.179453
