7 0.940806 0.613945 0.004482 0.263984
7 0.457739 0.616953 0.006748 0.145156
7 0.439360 0.603320 0.004932 0.091172
1 0.992041 0.625391 0.013652 0.267969
7 0.797900 0.692695 0.014258 0.611016
7 0.712305 0.742383 0.017773 0.512891
7 0.965698 0.576914 0.003369 0.124141
7 0.930996 0.630195 0.006484 0.289141
3 0.539556 0.486484 0.077920 0.447188
2 0.491655 0.594453 0.017275 0.120938
2 0.001758 0.620898 0.002539 0.272422
7 0.123931 0.643984 0.006514 0.197969
5 0.102593 0.652578 0.011748 0.106406
5 0.075962 0.615469 0.009561 0.070000
7 0.430049 0.603906 0.003633 0.113594
7 0.351436 0.628398 0.005332 0.156016
7 0.419370 0.600234 0.004033 0.096719
7 0.391997 0.602617 0.002334 0.098203
