3 0.303887 0.633867 0.196035 0.732266
1 0.477646 0.644258 0.013164 0.123516
1 0.066992 0.575273 0.020684 0.167891
1 0.446162 0.672930 0.016504 0.145703
1 0.003301 0.541797 0.006406 0.104687
3 0.065757 0.554219 0.019502 0.149219
3 0.098711 0.533047 0.059922 0.370781
8 0.176616 0.686758 0.017275 0.237578
1 0.970190 0.470820 0.016455 0.078828
1 0.651118 0.384297 0.036826 0.145469
1 0.025342 0.611133 0.022324 0.176016
1 0.432954 0.825703 0.053037 0.344062
1 0.072930 0.817148 0.056816 0.365703
3 0.042485 0.485820 0.023057 0.209141
7 0.970659 0.562539 0.006846 0.194453
