1 0.355605 0.640078 0.017754 0.101250
1 0.260884 0.753750 0.036631 0.293125
1 0.981177 0.649883 0.019092 0.222578
1 0.826797 0.717070 0.021934 0.150547
1 0.535288 0.685586 0.019658 0.170547
1 0.413330 0.631406 0.020586 0.124375
1 0.501099 0.772773 0.046240 0.323203
1 0.016470 0.636992 0.026904 0.214609
2 0.558838 0.577969 0.020293 0.238750
7 0.938433 0.600352 0.012686 0.347578
7 0.889307 0.625039 0.013965 0.463828
5 0.938857 0.714102 0.013496 0.151641
1 0.314312 0.650391 0.025088 0.205469
1 0.802632 0.759336 0.021143 0.139922
