7 0.420898 0.547656 0.004883 0.220313
8 0.621641 0.466016 0.003789 0.078906
7 0.665576 0.510156 0.003613 0.096875
1 0.658057 0.473437 0.002246 0.065625
1 0.710244 0.553398 0.010957 0.057266
1 0.785640 0.624844 0.007607 0.045937
1 0.841611 0.651992 0.004082 0.061797
1 0.966021 0.601367 0.015205 0.103359
5 0.947881 0.765469 0.011113 0.125625
7 0.945781 0.696328 0.004922 0.270781
7 0.890293 0.771094 0.007812 0.330000
7 0.972417 0.615469 0.003252 0.124688
7 0.537222 0.554570 0.003545 0.151328
7 0.541958 0.539844 0.003584 0.193281
1 0.490244 0.433359 0.006074 0.058125
1 0.373906 0.618398 0.020605 0.114922
1 0.399395 0.623125 0.019629 0.110156
1 0.421025 0.579375 0.012695 0.052344
