1 0.456289 0.768164 0.031172 0.328516
1 0.475449 0.657109 0.012754 0.111250
3 0.465908 0.578828 0.025977 0.189062
7 0.876826 0.684492 0.008770 0.421328
7 0.784941 0.620742 0.010254 0.280234
7 0.740713 0.535195 0.004102 0.110078
1 0.604980 0.590664 0.031445 0.215547
1 0.950020 0.780000 0.042617 0.432656
1 0.504790 0.712305 0.016611 0.179922
1 0.009717 0.697734 0.019434 0.447031
1 0.490986 0.654648 0.010020 0.092109
1 0.053545 0.777500 0.040371 0.349219
1 0.313423 0.891406 0.092295 0.217187
1 0.709116 0.775000 0.081318 0.450000
1 0.976201 0.632344 0.015488 0.193750
