1 0.902490 0.497695 0.022168 0.120547
1 0.941895 0.498516 0.016816 0.099063
1 0.955015 0.504570 0.009170 0.083047
1 0.922676 0.480273 0.017480 0.140391
5 0.848066 0.607734 0.008203 0.203906
5 0.739326 0.776680 0.016738 0.365859
5 0.717163 0.793867 0.011377 0.362578
7 0.002988 0.553516 0.004590 0.116406
6 0.610127 0.650586 0.004687 0.211328
6 0.597168 0.723008 0.005977 0.308672
6 0.587744 0.703398 0.008496 0.250391
6 0.570264 0.673477 0.012090 0.195391
1 0.942290 0.502812 0.015967 0.100000
1 0.922690 0.484609 0.018115 0.147812
5 0.739009 0.777344 0.014756 0.351562
5 0.730093 0.781875 0.012080 0.380625
