1 0.356533 0.604609 0.015469 0.115000
1 0.033662 0.560039 0.008145 0.072266
1 0.355723 0.636563 0.018926 0.161875
7 0.178022 0.807656 0.009600 0.341250
7 0.597402 0.659062 0.007324 0.255156
7 0.155884 0.764141 0.007666 0.285156
7 0.991816 0.472695 0.002188 0.040859
7 0.998120 0.472930 0.003643 0.044766
3 0.652520 0.448086 0.031211 0.125859
1 0.471719 0.557695 0.029512 0.154766
1 0.432324 0.642266 0.025723 0.126094
1 0.320483 0.654922 0.019775 0.137031
1 0.990127 0.565117 0.018594 0.170547
1 0.287290 0.619492 0.011572 0.089453
1 0.406377 0.603516 0.021328 0.149687
3 0.445645 0.568008 0.057812 0.181328
7 0.944238 0.729492 0.010156 0.391016
7 0.881572 0.743398 0.023262 0.496797
1 0.486753 0.860820 0.040928 0.274766
1 0.368359 0.869961 0.058789 0.260078
1 0.278330 0.620000 0.009668 0.068750
3 0.617070 0.489375 0.035254 0.182344
