8 0.096733 0.725313 0.013291 0.417813
7 0.096978 0.721758 0.012451 0.393984
7 0.359434 0.624375 0.005371 0.148438
7 0.941763 0.509961 0.002842 0.086328
7 0.944463 0.516406 0.002441 0.073437
8 0.199746 0.399297 0.003027 0.039062
5 0.199648 0.420781 0.003613 0.024219
1 0.516030 0.665781 0.019814 0.106875
7 0.375186 0.587930 0.001348 0.085078
7 0.373320 0.590313 0.001953 0.074219
7 0.980713 0.553516 0.004785 0.164844
3 0.772441 0.617070 0.120215 0.512578
1 0.785103 0.727109 0.053018 0.453594
1 0.825020 0.660937 0.026016 0.256250
2 0.614917 0.548125 0.060791 0.436562
1 0.446963 0.703594 0.021777 0.214375
1 0.419604 0.628633 0.008740 0.059141
1 0.413232 0.612109 0.008027 0.050625
1 0.902979 0.502031 0.005762 0.050000
