1 0.456553 0.716992 0.022129 0.246016
1 0.480552 0.586563 0.011748 0.089219
1 0.466792 0.616016 0.014482 0.114531
1 0.471558 0.595234 0.012139 0.095938
7 0.418232 0.700078 0.006094 0.217812
7 0.818804 0.702734 0.015303 0.438281
7 0.039780 0.510273 0.003057 0.079453
7 0.739214 0.461328 0.005010 0.130469
5 0.931069 0.550078 0.008564 0.079844
5 0.930342 0.542422 0.007852 0.083437
6 0.972314 0.549922 0.003027 0.073750
8 0.972690 0.515234 0.003643 0.150000
7 0.810562 0.460156 0.004268 0.067188
7 0.726328 0.436484 0.003516 0.106875
1 0.481865 0.610781 0.009824 0.080937
