7 0.778823 0.890625 0.014072 0.218750
1 0.398320 0.479609 0.015039 0.082031
1 0.362446 0.455820 0.011631 0.077422
7 0.951104 0.449414 0.002852 0.052422
1 0.573774 0.575977 0.012842 0.063672
1 0.429253 0.846836 0.053916 0.336484
1 0.102344 0.821406 0.086523 0.353750
7 0.389087 0.602266 0.007744 0.252656
7 0.094067 0.535586 0.005049 0.133516
7 0.147793 0.519883 0.005059 0.206641
7 0.160488 0.538203 0.004062 0.228594
7 0.111494 0.530742 0.006562 0.140703
7 0.753726 0.766289 0.014033 0.467422
1 0.377598 0.432813 0.014219 0.059531
1 0.542173 0.571953 0.016260 0.087656
3 0.026108 0.511758 0.020244 0.213984
1 0.442734 0.529961 0.019941 0.092734
