1 0.502671 0.612500 0.011553 0.080625
1 0.437031 0.703125 0.016387 0.149844
7 0.381963 0.703359 0.005371 0.128281
8 0.974878 0.562383 0.005811 0.169141
1 0.495474 0.604180 0.008037 0.066641
1 0.006968 0.615820 0.013096 0.180234
1 0.482656 0.655820 0.012285 0.135234
1 0.082549 0.798789 0.056133 0.388672
1 0.034854 0.634492 0.014941 0.151641
1 0.501934 0.811758 0.032383 0.346641
7 0.975444 0.561992 0.007939 0.196797
1 0.121343 0.647930 0.024189 0.193828
2 0.343550 0.633242 0.050752 0.253516
1 0.214937 0.740273 0.041338 0.230547
1 0.464385 0.795312 0.031055 0.269531
1 0.333584 0.869922 0.099766 0.241875
