1 0.599556 0.651367 0.021064 0.114141
1 0.580278 0.649922 0.021006 0.139062
7 0.885337 0.844180 0.006221 0.268828
1 0.471279 0.584570 0.026055 0.129922
3 0.341899 0.396953 0.033643 0.192500
1 0.397788 0.504023 0.018955 0.102578
8 0.874893 0.191953 0.003340 0.048906
7 0.588120 0.203086 0.004795 0.056172
1 0.025327 0.629453 0.015889 0.143281
1 0.276514 0.884766 0.121191 0.230469
1 0.102656 0.803047 0.085117 0.388437
7 0.450171 0.776367 0.013877 0.444141
7 0.125464 0.480820 0.005068 0.161328
7 0.130947 0.498398 0.004102 0.210234
7 0.893833 0.761406 0.013506 0.470625
3 0.070947 0.453125 0.075684 0.484375
