1 0.710811 0.678438 0.009883 0.081875
1 0.405532 0.810859 0.019463 0.196719
7 0.555054 0.807852 0.018252 0.383203
7 0.967349 0.512852 0.005928 0.155391
8 0.586270 0.647188 0.007656 0.191562
5 0.586523 0.702656 0.007617 0.140781
1 0.735596 0.794375 0.013125 0.139375
1 0.753730 0.606992 0.005566 0.046797
1 0.524517 0.644922 0.010693 0.074219
1 0.718525 0.635156 0.007227 0.053125
1 0.726143 0.638164 0.006641 0.059141
1 0.733452 0.629141 0.005752 0.060469
1 0.741431 0.631250 0.006787 0.048438
1 0.748418 0.632422 0.005430 0.049219
1 0.333203 0.689062 0.116211 0.621875
1 0.772979 0.767891 0.018145 0.193438
3 0.005664 0.471094 0.008203 0.117188
7 0.946812 0.569961 0.008232 0.313672
7 0.953237 0.534414 0.007158 0.244141
