7 0.042598 0.498750 0.002344 0.051563
1 0.599102 0.636133 0.016641 0.104922
1 0.497158 0.609648 0.028223 0.153359
1 0.428262 0.526797 0.025117 0.130781
7 0.597539 0.168438 0.003398 0.037500
5 0.798984 0.140391 0.013086 0.072188
8 0.798999 0.090820 0.006807 0.128516
1 0.101963 0.805000 0.084629 0.387187
1 0.044312 0.724063 0.033740 0.312656
1 0.055596 0.587969 0.017012 0.215469
3 0.205117 0.521523 0.285039 0.956172
1 0.272949 0.895664 0.120059 0.208672
7 0.353945 0.476016 0.003398 0.105000
7 0.915088 0.249844 0.004395 0.112969
7 0.983491 0.598750 0.005186 0.169687
7 0.897705 0.755156 0.010684 0.486875
