1 0.053521 0.604453 0.016201 0.133281
1 0.110996 0.765547 0.030156 0.247031
1 0.319019 0.878164 0.061475 0.243672
1 0.450542 0.680273 0.014365 0.127578
2 0.273037 0.716406 0.017559 0.296875
7 0.535747 0.585859 0.004893 0.119375
1 0.761177 0.380352 0.008564 0.094453
7 0.403491 0.713008 0.004053 0.132422
8 0.391699 0.729414 0.003516 0.149766
7 0.256118 0.795195 0.003037 0.116953
5 0.390366 0.766211 0.010420 0.075391
1 0.095078 0.629219 0.015937 0.110312
1 0.034272 0.658672 0.018838 0.199219
2 0.478369 0.576758 0.023164 0.386328
1 0.014082 0.558594 0.006953 0.058125
1 0.496030 0.603828 0.006318 0.068281
