1 0.505425 0.605391 0.010498 0.083125
1 0.416836 0.735195 0.023711 0.206328
1 0.174321 0.790156 0.041338 0.252656
1 0.266597 0.797969 0.045342 0.222500
7 0.300059 0.774297 0.008262 0.239062
7 0.555068 0.638437 0.006543 0.217656
1 0.007271 0.600391 0.012842 0.164062
1 0.487764 0.629336 0.010234 0.103359
1 0.058901 0.790781 0.043740 0.376406
1 0.027632 0.618594 0.014111 0.129375
1 0.505400 0.752227 0.027363 0.289453
2 0.090625 0.583203 0.027227 0.280469
1 0.469688 0.761172 0.025430 0.232344
1 0.369639 0.845156 0.099766 0.241875
