1 0.019287 0.529687 0.005371 0.050000
1 0.232847 0.711992 0.016650 0.138828
1 0.085576 0.644492 0.009590 0.108828
7 0.956636 0.671250 0.012295 0.414375
1 0.103203 0.677188 0.011328 0.126406
1 0.068848 0.658711 0.021797 0.173203
1 0.323242 0.884375 0.083789 0.231250
1 0.318618 0.737266 0.022275 0.156563
1 0.477363 0.632734 0.006934 0.086406
1 0.491553 0.608477 0.007305 0.086953
2 0.495161 0.532305 0.011377 0.182422
1 0.040654 0.676680 0.026328 0.361172
1 0.005098 0.592187 0.009727 0.095938
1 0.015708 0.562188 0.007080 0.060000
