1 0.494521 0.738242 0.022988 0.243984
1 0.698867 0.637969 0.010586 0.093594
8 0.372344 0.681563 0.008008 0.119531
5 0.372207 0.811602 0.008223 0.176172
7 0.389419 0.756992 0.006865 0.278828
1 0.715371 0.766055 0.013125 0.149297
1 0.745840 0.589141 0.005566 0.056250
1 0.515933 0.620859 0.016631 0.132031
1 0.709238 0.607031 0.007227 0.090625
1 0.716602 0.602422 0.006641 0.070312
1 0.724492 0.611094 0.005273 0.062500
1 0.732842 0.603281 0.007324 0.066406
1 0.739326 0.611563 0.005859 0.064844
1 0.420522 0.663750 0.025537 0.349375
1 0.753018 0.750664 0.015645 0.202578
3 0.056543 0.642578 0.086719 0.714844
7 0.809380 0.662695 0.018857 0.679297
7 0.936704 0.639531 0.008330 0.273438
7 0.886040 0.719570 0.015439 0.562891
2 0.007129 0.518359 0.008789 0.136719
3 0.448062 0.546602 0.035967 0.126953
