1 0.842812 0.492656 0.021152 0.112656
1 0.833296 0.465000 0.022334 0.116719
1 0.477158 0.681250 0.017637 0.164375
1 0.004829 0.611953 0.009248 0.118125
1 0.038291 0.588477 0.010234 0.079766
1 0.018140 0.606914 0.009502 0.088828
1 0.069180 0.730391 0.031152 0.238906
1 0.161206 0.832617 0.088916 0.322891
7 0.599507 0.693477 0.008643 0.324297
1 0.822544 0.438477 0.014893 0.120547
1 0.816172 0.418633 0.017754 0.115859
1 0.803159 0.410391 0.008291 0.061094
1 0.793848 0.386719 0.008633 0.071875
2 0.434063 0.618008 0.057578 0.574453
3 0.466426 0.588320 0.007324 0.148672
1 0.503755 0.629336 0.010928 0.168672
1 0.491489 0.626797 0.007139 0.056719
