1 0.985801 0.536797 0.011113 0.112656
1 0.469155 0.690469 0.019209 0.170156
1 0.487793 0.597109 0.006719 0.060937
3 0.014395 0.456641 0.006680 0.094062
3 0.023540 0.479805 0.011592 0.142109
1 0.014883 0.532031 0.007070 0.070469
1 0.008457 0.501055 0.005762 0.035703
1 0.008965 0.752461 0.017930 0.306016
1 0.994219 0.718203 0.011563 0.303594
1 0.029336 0.630078 0.017793 0.134375
1 0.575815 0.803945 0.060283 0.392109
1 0.504810 0.833867 0.039795 0.332266
1 0.505825 0.631445 0.018643 0.104766
1 0.080840 0.834766 0.057461 0.330469
8 0.582603 0.514727 0.004072 0.089297
1 0.965200 0.658828 0.029873 0.347813
1 0.515117 0.542461 0.005566 0.060859
1 0.521777 0.586953 0.010000 0.150000
1 0.390229 0.893828 0.067373 0.212344
