1 0.392549 0.697812 0.018359 0.136406
1 0.416211 0.691406 0.024609 0.154688
7 0.734180 0.493281 0.003027 0.115469
8 0.975054 0.576641 0.003799 0.081562
5 0.975127 0.599687 0.003223 0.053125
1 0.611328 0.569023 0.034375 0.229141
1 0.018506 0.666992 0.020430 0.202891
7 0.511865 0.785820 0.014238 0.440703
7 0.723975 0.628086 0.012695 0.442734
7 0.953213 0.608008 0.005840 0.187109
7 0.106328 0.725273 0.007930 0.301641
7 0.050708 0.651172 0.006377 0.221875
2 0.006543 0.521875 0.013086 0.303125
7 0.417344 0.694570 0.005605 0.224141
5 0.432178 0.810469 0.010059 0.169375
8 0.431260 0.734023 0.012676 0.233359
7 0.496309 0.581445 0.002539 0.102109
7 0.498999 0.577773 0.001982 0.092109
7 0.754980 0.446211 0.002598 0.077734
5 0.827778 0.472344 0.004639 0.069062
8 0.828115 0.430352 0.004238 0.115703
7 0.956758 0.549648 0.002695 0.105547
