1 0.474048 0.610039 0.025693 0.140703
1 0.374722 0.610430 0.137842 0.431484
3 0.276074 0.589219 0.025586 0.103594
3 0.377197 0.583516 0.137793 0.393906
7 0.931587 0.695781 0.010713 0.418438
1 0.299067 0.648672 0.016943 0.097969
1 0.076846 0.710469 0.035762 0.312031
1 0.989873 0.571445 0.018711 0.160234
1 0.486348 0.823711 0.038418 0.346328
1 0.014844 0.627695 0.019297 0.146328
1 0.028901 0.806211 0.050771 0.375234
7 0.065654 0.534609 0.005469 0.152656
7 0.971108 0.610430 0.007314 0.252578
3 0.614414 0.469297 0.029941 0.188906
