1 0.002920 0.552227 0.005977 0.120859
1 0.519263 0.534531 0.005615 0.039062
1 0.082651 0.575937 0.020088 0.109687
1 0.514604 0.515000 0.004971 0.052812
1 0.498584 0.541328 0.004590 0.034844
1 0.625396 0.522930 0.014990 0.118359
1 0.045859 0.729062 0.041406 0.404219
1 0.509736 0.581172 0.008945 0.078906
7 0.449766 0.736289 0.012383 0.352422
7 0.422334 0.754141 0.011133 0.325000
7 0.373008 0.737109 0.006621 0.253750
7 0.596641 0.556250 0.007090 0.150625
1 0.096069 0.822773 0.079971 0.333203
7 0.562607 0.461484 0.003340 0.105469
7 0.558955 0.463281 0.002910 0.105000
2 0.509985 0.501914 0.006553 0.083672
1 0.160068 0.649219 0.019316 0.121250
1 0.137612 0.597070 0.021436 0.119141
1 0.113970 0.605039 0.023936 0.077578
1 0.100239 0.581602 0.017217 0.101172
1 0.282710 0.898555 0.123506 0.202891
1 0.996831 0.556914 0.006338 0.118672
2 0.493926 0.525703 0.006348 0.081250
