1 0.008975 0.757383 0.017402 0.271016
1 0.137275 0.825547 0.094512 0.337031
1 0.334199 0.883672 0.093984 0.234844
3 0.057031 0.583242 0.069336 0.788516
7 0.436768 0.832773 0.016152 0.334453
7 0.448813 0.893867 0.007432 0.212266
5 0.218154 0.540586 0.006816 0.136328
5 0.227627 0.539297 0.006289 0.124531
5 0.256533 0.596602 0.007793 0.141172
7 0.556846 0.620625 0.003926 0.167813
7 0.674521 0.542422 0.003516 0.166094
7 0.669087 0.598164 0.005537 0.205703
7 0.686284 0.490664 0.004717 0.138047
1 0.995684 0.701680 0.008633 0.324609
7 0.929766 0.740938 0.012207 0.347812
3 0.505151 0.540898 0.016104 0.275078
1 0.504810 0.729961 0.017080 0.238047
7 0.442129 0.047383 0.004160 0.055078
