7 0.030742 0.503047 0.002344 0.051562
7 0.031045 0.517813 0.002617 0.065781
1 0.539971 0.641602 0.027910 0.151797
1 0.395688 0.499492 0.020146 0.122266
7 0.577920 0.226484 0.003398 0.037500
1 0.102192 0.805000 0.085088 0.387187
1 0.044453 0.724063 0.034023 0.312656
1 0.055596 0.587969 0.017012 0.215469
3 0.205811 0.519258 0.286426 0.960703
1 0.273550 0.895664 0.121260 0.208672
7 0.353945 0.476016 0.003398 0.105000
2 0.598872 0.552812 0.043467 0.293594
7 0.895034 0.186875 0.004834 0.132969
7 0.979619 0.627539 0.006230 0.203203
7 0.886758 0.846836 0.009277 0.285078
7 0.895840 0.756563 0.011133 0.486875
