1 0.382646 0.737656 0.030898 0.245625
1 0.693940 0.598203 0.011768 0.082344
7 0.165747 0.778867 0.010791 0.315703
1 0.765620 0.616016 0.008799 0.061250
1 0.819385 0.730781 0.020801 0.158594
7 0.624478 0.612891 0.007139 0.236406
1 0.788188 0.777422 0.018994 0.149687
1 0.747300 0.668008 0.010889 0.091797
1 0.736206 0.677422 0.009990 0.083594
1 0.757930 0.625703 0.007852 0.050937
1 0.749795 0.616953 0.007949 0.042969
1 0.742305 0.617109 0.007422 0.046094
1 0.533887 0.669570 0.021875 0.234453
1 0.544243 0.598867 0.018662 0.118047
