1 0.347837 0.684531 0.021182 0.112969
1 0.994561 0.658242 0.009824 0.201641
2 0.142910 0.511172 0.131094 0.789219
7 0.546992 0.661211 0.007500 0.242578
1 0.034556 0.605820 0.014482 0.105391
1 0.486758 0.578125 0.006172 0.073438
7 0.533018 0.584297 0.002930 0.116406
7 0.529912 0.587773 0.002344 0.123359
1 0.674214 0.386758 0.012158 0.052422
1 0.003462 0.644492 0.007959 0.211328
1 0.452695 0.723164 0.028887 0.306172
1 0.104248 0.814883 0.100527 0.339922
7 0.972124 0.555625 0.003838 0.147188
7 0.974648 0.548438 0.004219 0.150469
7 0.981538 0.508945 0.003174 0.078828
1 0.475610 0.617891 0.011533 0.112344
