1 0.490073 0.581992 0.005811 0.042109
7 0.673047 0.414531 0.005078 0.144375
7 0.976865 0.603945 0.005098 0.175078
1 0.341196 0.806641 0.130439 0.383594
7 0.728457 0.764102 0.020000 0.471797
7 0.980166 0.590039 0.003750 0.127891
1 0.116792 0.822461 0.085537 0.353672
1 0.020654 0.819570 0.041270 0.359453
1 0.054312 0.785117 0.039033 0.417109
1 0.013154 0.599727 0.025195 0.080547
7 0.258447 0.700586 0.007129 0.198047
7 0.517319 0.575313 0.002646 0.058594
7 0.665718 0.424414 0.005459 0.209766
5 0.679004 0.456172 0.014355 0.092344
