1 0.710576 0.667891 0.010703 0.098125
7 0.450781 0.790664 0.018340 0.417266
7 0.961904 0.540000 0.006270 0.174687
8 0.542568 0.793906 0.028691 0.347187
5 0.544629 0.929258 0.033398 0.141484
7 0.360171 0.699375 0.006650 0.219375
1 0.734565 0.789258 0.013115 0.139297
1 0.752988 0.603516 0.005566 0.056250
1 0.525435 0.672813 0.012490 0.118750
1 0.601582 0.580352 0.010801 0.062109
1 0.717666 0.620664 0.007227 0.076484
1 0.725508 0.631602 0.006641 0.065547
1 0.732769 0.625820 0.005752 0.062578
1 0.740527 0.626875 0.006816 0.058125
1 0.747710 0.627109 0.005654 0.057500
1 0.399663 0.724727 0.036416 0.467891
1 0.772134 0.770234 0.018037 0.196094
3 0.011230 0.489063 0.014258 0.173438
7 0.929727 0.621289 0.011875 0.444609
7 0.940742 0.587461 0.009102 0.303359
