1 0.100078 0.542969 0.020820 0.156875
1 0.116064 0.536875 0.013770 0.127813
1 0.158154 0.585938 0.011035 0.095312
7 0.419678 0.802266 0.006152 0.257969
7 0.895063 0.400430 0.004658 0.122734
7 0.890962 0.423281 0.002959 0.116406
1 0.411279 0.823789 0.005762 0.218047
7 0.471899 0.683672 0.004209 0.112812
3 0.240933 0.662187 0.056416 0.194375
7 0.141763 0.531719 0.002666 0.078125
7 0.548291 0.589727 0.002637 0.063359
1 0.306729 0.777422 0.013574 0.068750
1 0.151963 0.586719 0.004707 0.085938
1 0.522124 0.688164 0.013350 0.120391
