1 0.007695 0.650000 0.013750 0.242500
1 0.079248 0.575937 0.016113 0.109687
1 0.162471 0.622695 0.009492 0.087891
1 0.495474 0.554688 0.003916 0.046875
1 0.498965 0.548125 0.005859 0.038281
1 0.627886 0.528320 0.018154 0.129922
1 0.044810 0.701719 0.041611 0.402969
1 0.510156 0.572656 0.006445 0.050000
7 0.497217 0.777578 0.013574 0.376094
7 0.464155 0.777422 0.011924 0.387656
7 0.347412 0.757070 0.007969 0.229766
7 0.633696 0.553008 0.007080 0.150703
1 0.092051 0.804219 0.068066 0.390625
7 0.563477 0.505547 0.003437 0.110156
7 0.559712 0.501445 0.002920 0.120391
2 0.515449 0.522500 0.010840 0.063281
1 0.151572 0.647305 0.017441 0.114922
1 0.133418 0.596953 0.021426 0.128281
1 0.111577 0.603867 0.023936 0.060859
1 0.098140 0.583672 0.017217 0.101094
1 0.238203 0.898555 0.124570 0.202891
1 0.997163 0.666094 0.005674 0.170000
2 0.489590 0.536875 0.009023 0.114375
