1 0.202734 0.649531 0.010547 0.093594
1 0.437051 0.596875 0.011309 0.077344
7 0.554082 0.759258 0.009629 0.330547
7 0.517134 0.609883 0.004404 0.126797
1 0.190557 0.672266 0.016094 0.102031
7 0.537407 0.649492 0.005088 0.213516
1 0.208428 0.660625 0.008008 0.077344
1 0.217759 0.661094 0.007842 0.060937
1 0.313081 0.615313 0.016436 0.072031
1 0.042656 0.688945 0.024180 0.273672
1 0.003833 0.566719 0.007061 0.063750
1 0.485859 0.636680 0.013008 0.119609
1 0.437065 0.847422 0.052920 0.301875
2 0.013633 0.488477 0.013262 0.238359
7 0.985889 0.552344 0.003223 0.070312
7 0.980288 0.550000 0.003486 0.089062
7 0.975806 0.566992 0.003936 0.093359
