7 0.043145 0.498125 0.002344 0.051563
1 0.599102 0.636133 0.016641 0.104922
1 0.501689 0.612539 0.028223 0.153203
1 0.432505 0.532188 0.025244 0.132656
7 0.598516 0.165391 0.003398 0.037500
5 0.803115 0.142305 0.013086 0.072109
8 0.802954 0.096094 0.006807 0.128437
1 0.101953 0.805000 0.084609 0.387187
1 0.044307 0.724063 0.033730 0.312656
1 0.055596 0.587969 0.017012 0.215469
3 0.205059 0.521719 0.284922 0.955781
1 0.272876 0.895664 0.119912 0.208672
7 0.353945 0.476016 0.003398 0.105000
7 0.915742 0.251836 0.004395 0.112891
7 0.983564 0.597773 0.005137 0.168672
7 0.898140 0.754844 0.010693 0.486875
