7 0.717407 0.375234 0.002666 0.085469
3 0.521289 0.558867 0.017383 0.124453
1 0.008320 0.740586 0.016641 0.251484
1 0.099268 0.789844 0.069238 0.420312
1 0.244971 0.883906 0.120996 0.232187
3 0.045059 0.547031 0.057148 0.673750
7 0.390020 0.847344 0.015547 0.305312
7 0.403242 0.914375 0.010313 0.165469
5 0.224180 0.532266 0.006523 0.124531
5 0.233066 0.582188 0.007793 0.142969
7 0.556597 0.624141 0.004424 0.174844
7 0.695303 0.533203 0.005801 0.172656
7 0.688560 0.589766 0.004971 0.200000
7 0.701812 0.472148 0.004717 0.138047
1 0.995684 0.689063 0.008633 0.299375
7 0.943481 0.688828 0.010596 0.282344
3 0.504346 0.552461 0.016797 0.251953
1 0.504365 0.745898 0.017461 0.226016
