1 0.107095 0.682734 0.045283 0.225781
1 0.502915 0.625508 0.011631 0.109609
1 0.471431 0.652773 0.013096 0.105547
1 0.013247 0.767813 0.026670 0.459062
1 0.504053 0.830000 0.038867 0.311250
7 0.559150 0.594805 0.006855 0.177734
7 0.569067 0.629258 0.007666 0.249141
1 0.101479 0.829883 0.068115 0.340234
7 0.239585 0.743750 0.007354 0.250000
7 0.038071 0.502578 0.005850 0.093594
1 0.916572 0.438828 0.007168 0.131406
7 0.967554 0.437383 0.003584 0.097109
7 0.970854 0.448945 0.004111 0.083828
1 0.528267 0.612305 0.013994 0.067734
7 0.054429 0.528164 0.003408 0.084141
