3 0.600151 0.526172 0.091455 0.435625
7 0.125469 0.643633 0.004980 0.094297
8 0.070684 0.619297 0.006484 0.130781
1 0.116914 0.650000 0.012656 0.071875
2 0.733853 0.396172 0.006807 0.089375
7 0.869063 0.430977 0.005566 0.121172
7 0.471260 0.755547 0.011582 0.381094
8 0.545210 0.789062 0.017217 0.421875
1 0.512012 0.837500 0.041602 0.325000
1 0.741006 0.431289 0.006465 0.052734
7 0.722671 0.525547 0.005850 0.166250
1 0.673906 0.529844 0.015859 0.114844
1 0.648237 0.563008 0.004873 0.176953
1 0.543115 0.654844 0.028418 0.177187
7 0.750508 0.429023 0.003203 0.072891
1 0.029595 0.697734 0.033896 0.260000
