1 0.513984 0.683555 0.018965 0.122266
1 0.269229 0.861289 0.058398 0.310391
1 0.413374 0.711523 0.020674 0.093516
1 0.582666 0.660547 0.021387 0.132031
1 0.458491 0.686367 0.014580 0.095391
1 0.567310 0.635234 0.020732 0.153750
1 0.337017 0.703906 0.011123 0.099375
1 0.348979 0.683789 0.011748 0.122578
1 0.327456 0.660664 0.006748 0.058984
1 0.321143 0.665195 0.006289 0.059766
1 0.494258 0.688047 0.017109 0.112187
1 0.911475 0.753750 0.055098 0.509531
1 0.597778 0.844609 0.062803 0.291406
2 0.406660 0.652187 0.022617 0.156094
7 0.640176 0.622969 0.006055 0.256094
7 0.650903 0.628828 0.007197 0.286875
1 0.199893 0.685469 0.016895 0.090313
7 0.938696 0.484687 0.006455 0.146094
1 0.252793 0.733359 0.015215 0.077500
