1 0.442495 0.650820 0.018799 0.257891
7 0.635415 0.718281 0.016143 0.559219
2 0.013379 0.469648 0.015625 0.206016
3 0.237393 0.501992 0.389297 0.996016
1 0.495659 0.784844 0.025967 0.286562
7 0.873311 0.723945 0.016094 0.537578
3 0.465801 0.568516 0.029473 0.126875
7 0.737290 0.707422 0.019229 0.585156
1 0.692046 0.779609 0.015576 0.150625
1 0.685728 0.662930 0.011748 0.078047
1 0.698721 0.619727 0.006973 0.055859
1 0.706055 0.621367 0.007109 0.057266
1 0.713027 0.616406 0.006484 0.066562
1 0.736997 0.587734 0.008701 0.069688
1 0.721323 0.616055 0.008467 0.058359
1 0.727246 0.761016 0.012305 0.175781
1 0.568901 0.578242 0.008232 0.048984
