1 0.017339 0.543633 0.009033 0.069609
1 0.364160 0.474648 0.014707 0.109922
1 0.359673 0.464609 0.015029 0.112969
7 0.392764 0.460078 0.003594 0.115000
7 0.097646 0.514258 0.004102 0.133516
7 0.077075 0.514922 0.003447 0.107813
7 0.085601 0.493281 0.003213 0.095312
7 0.089951 0.496797 0.002734 0.094531
7 0.062080 0.496797 0.002500 0.060625
7 0.621729 0.640000 0.004629 0.035313
7 0.621582 0.102266 0.003145 0.061719
1 0.259326 0.773516 0.093848 0.451406
1 0.194478 0.826172 0.126455 0.346094
1 0.084141 0.773828 0.070977 0.452344
1 0.046772 0.690898 0.039854 0.415078
