1 0.161348 0.594023 0.008711 0.055391
1 0.993008 0.459883 0.005156 0.050391
1 0.100210 0.858164 0.083740 0.275234
1 0.093574 0.601445 0.012344 0.151172
1 0.109531 0.616953 0.015762 0.154219
1 0.124956 0.648477 0.019092 0.149609
1 0.145674 0.648711 0.020879 0.161016
1 0.168506 0.699336 0.025176 0.202891
1 0.191997 0.722969 0.020908 0.184531
1 0.224922 0.649844 0.010078 0.091250
1 0.209741 0.657656 0.008506 0.080937
1 0.500972 0.826445 0.036787 0.329609
1 0.446187 0.787266 0.047158 0.411406
1 0.385679 0.689102 0.019209 0.151797
7 0.579424 0.690000 0.008027 0.288906
1 0.612534 0.522539 0.021436 0.111172
7 0.578105 0.526445 0.003359 0.090703
7 0.370132 0.685859 0.004561 0.173750
7 0.628398 0.514219 0.003281 0.072344
1 0.175464 0.571094 0.008760 0.076406
8 0.899727 0.221406 0.007930 0.103281
3 0.986982 0.434648 0.009551 0.122266
1 0.474028 0.624531 0.008955 0.061406
