8 0.420640 0.666211 0.006025 0.194141
5 0.420117 0.720000 0.007461 0.107187
7 0.466460 0.624688 0.003896 0.111406
5 0.790957 0.704102 0.009609 0.215234
1 0.015239 0.793281 0.030479 0.413438
1 0.048262 0.584844 0.018145 0.115469
7 0.239160 0.800039 0.008145 0.384297
1 0.038906 0.718750 0.030977 0.290000
1 0.508701 0.818477 0.031035 0.341953
1 0.521953 0.612930 0.010117 0.082578
1 0.508413 0.621367 0.012666 0.094453
7 0.965444 0.550078 0.003936 0.126250
5 0.882979 0.645195 0.022246 0.186484
5 0.871646 0.659844 0.016494 0.164687
5 0.835986 0.683516 0.011836 0.166094
