1 0.023887 0.708203 0.032734 0.276562
1 0.507300 0.705156 0.042432 0.243750
2 0.095244 0.596953 0.025449 0.173594
1 0.663433 0.579453 0.027236 0.162969
7 0.511279 0.554063 0.002148 0.050000
7 0.475776 0.625156 0.005576 0.145000
7 0.743457 0.477109 0.003027 0.104375
7 0.992183 0.592266 0.003896 0.120313
7 0.976968 0.564453 0.002588 0.084375
8 0.981323 0.674883 0.009463 0.210078
5 0.981284 0.760117 0.008721 0.185234
1 0.538574 0.628594 0.042949 0.282813
7 0.683096 0.682500 0.011680 0.417344
7 0.503477 0.799219 0.013711 0.401563
7 0.934702 0.545430 0.003545 0.116484
7 0.037881 0.612266 0.005645 0.157188
7 0.013037 0.587305 0.004785 0.109766
7 0.398516 0.706211 0.005215 0.249141
7 0.481489 0.605156 0.002432 0.110000
7 0.752900 0.472773 0.003340 0.095234
5 0.848560 0.437031 0.003643 0.042187
8 0.848809 0.402930 0.002441 0.071641
