1 0.315244 0.698984 0.021406 0.128906
7 0.988101 0.569102 0.004111 0.132734
7 0.980479 0.635430 0.005449 0.190391
7 0.863530 0.760820 0.028447 0.471641
7 0.532295 0.627344 0.005879 0.159375
7 0.552319 0.657812 0.009873 0.326562
1 0.857231 0.552734 0.040225 0.325156
1 0.783496 0.486641 0.016016 0.214844
1 0.829341 0.495703 0.021787 0.164219
1 0.808130 0.426016 0.012393 0.112500
7 0.086885 0.857383 0.019551 0.173203
1 0.159023 0.636367 0.017871 0.109453
1 0.173096 0.649766 0.012461 0.063594
1 0.023462 0.608047 0.013564 0.135156
1 0.006533 0.565156 0.009668 0.082187
1 0.475166 0.717422 0.019648 0.205781
1 0.085503 0.839922 0.059834 0.320156
2 0.017461 0.491484 0.009824 0.167656
