1 0.071758 0.564297 0.015059 0.129688
1 0.080811 0.587578 0.029707 0.157656
1 0.133105 0.597266 0.010547 0.077344
1 0.091167 0.562305 0.012998 0.126953
7 0.364063 0.835469 0.009375 0.329063
7 0.564736 0.656875 0.005684 0.192813
7 0.447603 0.698828 0.006338 0.196094
7 0.904150 0.462305 0.003418 0.092578
1 0.353296 0.856328 0.009131 0.286563
7 0.458154 0.665508 0.004199 0.122109
3 0.218047 0.657891 0.048477 0.192031
7 0.117456 0.553594 0.002236 0.081250
1 0.445537 0.646875 0.012695 0.128125
7 0.552485 0.541406 0.003369 0.085938
1 0.133047 0.600625 0.011211 0.084688
1 0.520781 0.652383 0.012363 0.112734
