1 0.495107 0.640391 0.015762 0.165469
1 0.082070 0.523320 0.009004 0.094453
1 0.071401 0.522266 0.008721 0.095625
3 0.481245 0.560859 0.011924 0.256094
1 0.536431 0.593203 0.011943 0.099844
3 0.900483 0.423672 0.060146 0.333281
1 0.006802 0.696680 0.013662 0.183828
1 0.913428 0.529453 0.028633 0.166563
1 0.516943 0.695820 0.021875 0.238984
1 0.135571 0.625859 0.029658 0.148438
1 0.151089 0.833633 0.098799 0.332734
1 0.982036 0.631680 0.032021 0.239922
3 0.362231 0.613828 0.230225 0.744219
1 0.025195 0.564883 0.027637 0.228203
7 0.120654 0.542695 0.004922 0.109766
7 0.117607 0.542617 0.004219 0.109922
7 0.112632 0.534609 0.004092 0.103281
1 0.878359 0.479336 0.015254 0.128828
7 0.848110 0.434336 0.006318 0.167734
7 0.843667 0.456875 0.004443 0.141563
7 0.612275 0.782305 0.016797 0.416484
