7 0.745283 0.393906 0.002461 0.083125
7 0.744453 0.336562 0.001621 0.046094
7 0.744058 0.363281 0.001924 0.060937
3 0.539648 0.565117 0.038086 0.136953
7 0.534502 0.608281 0.002871 0.095156
1 0.006499 0.649375 0.012861 0.212969
1 0.047944 0.649219 0.024502 0.248437
1 0.080923 0.789453 0.054619 0.421094
3 0.030684 0.530039 0.027109 0.374297
7 0.217134 0.788125 0.012803 0.415625
7 0.223960 0.888281 0.009561 0.223437
7 0.566812 0.668281 0.005459 0.213438
7 0.755273 0.503750 0.003750 0.114375
7 0.756299 0.576016 0.004961 0.181719
7 0.749946 0.451289 0.003682 0.098984
1 0.996689 0.654453 0.006621 0.230156
7 0.967363 0.613164 0.006758 0.170391
3 0.503721 0.559844 0.017090 0.247969
1 0.502666 0.785195 0.020566 0.288359
