1 0.462007 0.664414 0.014033 0.114766
1 0.261440 0.667031 0.009150 0.066875
1 0.253350 0.651172 0.011934 0.090625
1 0.426836 0.704844 0.017207 0.161563
1 0.273613 0.644023 0.013828 0.093203
1 0.475566 0.630195 0.010586 0.075078
1 0.232144 0.663125 0.009717 0.085469
1 0.371533 0.807422 0.062793 0.385156
1 0.019980 0.580430 0.010605 0.087422
1 0.136152 0.801992 0.043711 0.396016
1 0.037021 0.656875 0.018613 0.165000
3 0.068628 0.546758 0.052900 0.287266
7 0.556396 0.684961 0.008203 0.245547
1 0.095386 0.766289 0.069775 0.465859
1 0.492104 0.644453 0.008506 0.070000
1 0.505850 0.647930 0.009668 0.072422
1 0.497817 0.593438 0.005830 0.046562
