7 0.027637 0.503750 0.002344 0.051563
7 0.034199 0.516641 0.002852 0.065781
1 0.507109 0.613828 0.027910 0.151875
1 0.377070 0.472070 0.017324 0.107109
1 0.426611 0.493437 0.017734 0.109531
1 0.102251 0.805000 0.085205 0.387187
1 0.044492 0.724063 0.034102 0.312656
1 0.055596 0.587969 0.017012 0.215469
3 0.205835 0.519258 0.286475 0.960703
1 0.273530 0.895664 0.121221 0.208672
7 0.353945 0.476016 0.003398 0.105000
2 0.579175 0.548672 0.054951 0.349219
7 0.888887 0.170898 0.005078 0.136797
7 0.978110 0.635625 0.006416 0.214219
7 0.886694 0.846836 0.009404 0.285078
7 0.895977 0.756563 0.011133 0.486875
