1 0.991963 0.606992 0.021426 0.172109
1 0.478149 0.584961 0.011982 0.072422
7 0.088369 0.593398 0.006855 0.187109
7 0.110957 0.607852 0.006992 0.201953
7 0.324336 0.685312 0.009668 0.335000
7 0.872817 0.734102 0.011318 0.400234
7 0.343530 0.646914 0.008154 0.271641
7 0.114067 0.609375 0.007041 0.191094
7 0.988955 0.601406 0.007324 0.196250
8 0.940845 0.627578 0.005928 0.144219
7 0.912954 0.613398 0.003779 0.129922
7 0.905991 0.612305 0.005732 0.160547
7 0.865200 0.696523 0.008447 0.271016
1 0.474604 0.694141 0.017256 0.181719
7 0.996450 0.604648 0.006729 0.162109
