1 0.051294 0.595703 0.013428 0.129375
1 0.099121 0.725977 0.026953 0.221328
1 0.289775 0.881211 0.066270 0.237578
1 0.446523 0.688867 0.015156 0.133047
2 0.266055 0.718867 0.016328 0.301328
7 0.536157 0.582422 0.003467 0.100781
1 0.765962 0.383711 0.008564 0.094453
7 0.399692 0.714414 0.004053 0.144609
8 0.387256 0.732734 0.003516 0.153281
7 0.249873 0.782344 0.003027 0.119687
5 0.386035 0.771289 0.010098 0.079766
1 0.095078 0.629219 0.015937 0.110312
1 0.034121 0.656797 0.018633 0.199219
2 0.478437 0.577266 0.023027 0.387344
1 0.014019 0.558047 0.006904 0.057812
1 0.496040 0.603906 0.006338 0.068750
