1 0.527500 0.583789 0.009551 0.095391
1 0.514570 0.626914 0.014355 0.117422
1 0.709263 0.510820 0.014209 0.094922
1 0.556924 0.751719 0.036797 0.300781
1 0.490928 0.627773 0.019707 0.150391
7 0.018867 0.599180 0.005449 0.137109
7 0.191899 0.772930 0.013701 0.367422
1 0.022227 0.594531 0.015371 0.111094
7 0.753472 0.470469 0.004248 0.082656
7 0.462744 0.645039 0.005703 0.134141
5 0.849287 0.818242 0.013418 0.350078
5 0.838291 0.837187 0.014160 0.316719
5 0.826045 0.831055 0.015566 0.337891
5 0.809331 0.831953 0.010732 0.335625
5 0.794883 0.831562 0.011777 0.336875
5 0.780493 0.836641 0.015439 0.326719
5 0.765937 0.832305 0.011816 0.335391
5 0.750073 0.825508 0.011826 0.342266
5 0.735869 0.833281 0.011328 0.333438
5 0.719585 0.834180 0.012607 0.331641
7 0.865210 0.455430 0.004248 0.113359
8 0.428496 0.702813 0.008145 0.204375
5 0.428828 0.755547 0.010313 0.093594
5 0.705693 0.829258 0.014512 0.341484
6 0.867778 0.795742 0.016631 0.378203
8 0.401089 0.721641 0.008682 0.314063
