1 0.356289 0.599414 0.014492 0.110859
1 0.034067 0.564141 0.008330 0.073750
1 0.350815 0.636836 0.019600 0.154609
1 0.442612 0.625117 0.024482 0.163828
3 0.266079 0.583750 0.021885 0.130781
7 0.596943 0.701289 0.008887 0.326641
7 0.154297 0.759336 0.007988 0.282734
7 0.991758 0.472695 0.002187 0.040859
7 0.998120 0.472930 0.003643 0.044766
3 0.653291 0.447930 0.029668 0.123984
1 0.468130 0.562461 0.029521 0.154766
1 0.327632 0.666641 0.019775 0.137031
1 0.990244 0.564492 0.018594 0.171328
1 0.304316 0.639531 0.018594 0.102500
1 0.285356 0.618086 0.011572 0.089453
1 0.402461 0.605938 0.021680 0.145781
3 0.459102 0.555352 0.058379 0.199609
7 0.945415 0.723359 0.010166 0.373906
7 0.887295 0.741250 0.023125 0.496562
1 0.486753 0.860820 0.040928 0.274766
1 0.350205 0.877969 0.058789 0.244062
1 0.278330 0.620000 0.009668 0.068750
3 0.617002 0.489492 0.035254 0.182266
