1 0.054824 0.579922 0.013594 0.101094
1 0.480098 0.625703 0.014023 0.110938
1 0.474912 0.643086 0.013496 0.106328
8 0.204062 0.266953 0.005352 0.092656
5 0.204458 0.316914 0.010127 0.042734
1 0.501846 0.627422 0.012285 0.124844
1 0.410410 0.794609 0.034043 0.274844
1 0.012622 0.779062 0.025186 0.441719
1 0.502305 0.826289 0.038867 0.311172
7 0.591934 0.615781 0.008672 0.322344
7 0.606255 0.687266 0.012705 0.450781
1 0.054048 0.693828 0.022842 0.177031
7 0.158330 0.677422 0.007656 0.215469
7 0.051968 0.530195 0.005850 0.093672
