1 0.677842 0.572305 0.017188 0.121484
1 0.979004 0.657695 0.013906 0.173828
1 0.506758 0.613555 0.011895 0.093516
7 0.441860 0.644375 0.007471 0.146094
7 0.607598 0.806367 0.010566 0.381484
7 0.478164 0.634180 0.006348 0.142109
7 0.715527 0.526953 0.004805 0.122187
7 0.485576 0.643086 0.005937 0.147891
7 0.225562 0.676133 0.008369 0.255547
8 0.484854 0.635000 0.007090 0.129063
1 0.726445 0.467812 0.005176 0.048437
1 0.841987 0.410078 0.006709 0.067656
1 0.988643 0.524414 0.011602 0.128359
1 0.043833 0.564883 0.016553 0.076953
7 0.459209 0.650937 0.005234 0.133594
1 0.522490 0.847187 0.044434 0.309531
1 0.012109 0.804023 0.024082 0.396484
1 0.988091 0.792773 0.023760 0.407109
1 0.631172 0.622031 0.024824 0.143281
1 0.652900 0.588516 0.017285 0.095938
7 0.949194 0.597695 0.006650 0.230703
7 0.090020 0.643359 0.008613 0.313906
7 0.769312 0.496094 0.005576 0.113438
1 0.607329 0.566211 0.040674 0.279766
