1 0.181445 0.877969 0.063867 0.244062
1 0.477539 0.660859 0.011758 0.104688
1 0.485361 0.632930 0.010000 0.087422
7 0.405322 0.547109 0.002148 0.050781
1 0.513228 0.561016 0.011533 0.085156
3 0.493037 0.557187 0.009687 0.095625
1 0.994785 0.875977 0.009668 0.215234
1 0.990078 0.561719 0.009727 0.120938
1 0.980122 0.617656 0.017939 0.189219
1 0.502300 0.781094 0.033896 0.348437
1 0.561338 0.848164 0.053262 0.297422
1 0.016812 0.791289 0.033799 0.419609
1 0.959302 0.759023 0.039131 0.372734
1 0.873716 0.854766 0.100908 0.292813
3 0.531909 0.603672 0.029014 0.381875
7 0.436514 0.712500 0.006406 0.196719
