1 0.709893 0.666719 0.010547 0.097969
7 0.461714 0.794570 0.020127 0.408828
7 0.962915 0.539961 0.005908 0.172266
8 0.563916 0.779297 0.027813 0.381563
5 0.566582 0.889727 0.031875 0.218672
7 0.359961 0.701875 0.006523 0.219375
1 0.734687 0.789883 0.013125 0.139297
1 0.753076 0.603203 0.005566 0.056250
1 0.527588 0.667227 0.012480 0.118828
1 0.603452 0.578633 0.010791 0.062109
1 0.717666 0.620117 0.007227 0.077578
1 0.725586 0.632383 0.006641 0.064766
1 0.732852 0.626211 0.005762 0.062266
1 0.740615 0.627500 0.006777 0.059062
1 0.747798 0.627734 0.005635 0.056562
1 0.397432 0.729180 0.039707 0.494453
1 0.771953 0.768477 0.018066 0.192734
3 0.010400 0.488320 0.013066 0.166328
7 0.932148 0.619883 0.011445 0.435703
7 0.942280 0.585977 0.008037 0.289297
