1 0.036816 0.712383 0.020938 0.201328
1 0.042441 0.571875 0.008242 0.070156
1 0.459961 0.611328 0.009727 0.060938
1 0.501719 0.633320 0.013984 0.115859
1 0.473965 0.694688 0.019707 0.197969
1 0.873218 0.485664 0.020166 0.103203
1 0.089302 0.798281 0.069033 0.385625
1 0.455747 0.824102 0.035361 0.325078
1 0.350732 0.791602 0.157324 0.408203
1 0.857437 0.451250 0.017295 0.101250
2 0.842671 0.418125 0.021240 0.129375
1 0.498887 0.865625 0.041855 0.268750
2 0.020918 0.491641 0.014941 0.275312
1 0.006211 0.569180 0.011562 0.122109
