1 0.526221 0.588750 0.020547 0.110000
1 0.584731 0.619922 0.018584 0.107812
7 0.229121 0.548906 0.007246 0.212812
7 0.179126 0.535547 0.007158 0.216250
7 0.098198 0.515195 0.001885 0.111484
7 0.107427 0.519805 0.004053 0.134141
7 0.076138 0.525234 0.002451 0.088594
7 0.085400 0.505859 0.001660 0.105469
7 0.089561 0.514609 0.002520 0.105156
7 0.083545 0.508359 0.001660 0.100469
1 0.006948 0.688320 0.013252 0.151641
1 0.033730 0.653359 0.027773 0.225156
1 0.476465 0.545352 0.018867 0.130547
1 0.415703 0.520156 0.021094 0.139219
8 0.353291 0.522109 0.006270 0.128281
5 0.353887 0.628516 0.013320 0.122031
1 0.088965 0.794531 0.069141 0.410937
