1 0.605405 0.631992 0.019189 0.118047
1 0.599111 0.652930 0.023047 0.137422
7 0.885337 0.844180 0.006221 0.268828
1 0.492515 0.603281 0.026045 0.139687
1 0.610176 0.609414 0.012695 0.093047
3 0.345361 0.400977 0.038887 0.200547
1 0.409395 0.515313 0.019297 0.108438
1 0.378062 0.470000 0.013369 0.096250
8 0.863413 0.169922 0.004619 0.075781
7 0.589351 0.199102 0.004795 0.056172
1 0.029111 0.650898 0.018184 0.161172
1 0.015928 0.559766 0.006211 0.047656
1 0.276514 0.884766 0.121191 0.230469
1 0.102080 0.810000 0.084121 0.375937
7 0.461240 0.781367 0.014395 0.445703
7 0.125464 0.480820 0.005068 0.161328
7 0.130591 0.496875 0.004111 0.210156
7 0.893994 0.761016 0.013184 0.471406
3 0.080225 0.449219 0.089746 0.540625
