1 0.425488 0.753437 0.026367 0.196250
1 0.488662 0.665938 0.014766 0.153750
1 0.009521 0.771602 0.019043 0.361484
1 0.508789 0.648438 0.013477 0.196875
1 0.384976 0.849336 0.062646 0.301328
1 0.039028 0.713906 0.024619 0.252500
2 0.177744 0.564688 0.124941 0.870625
7 0.597837 0.730703 0.007256 0.487656
7 0.630557 0.763711 0.011543 0.472578
7 0.837212 0.737500 0.017959 0.525000
7 0.544897 0.784766 0.009521 0.430469
1 0.298652 0.783828 0.086484 0.427656
3 0.049058 0.542539 0.022627 0.164453
7 0.341958 0.792070 0.005732 0.271328
1 0.457520 0.813828 0.041914 0.361250
