1 0.488608 0.633711 0.010068 0.113828
3 0.483965 0.580156 0.014180 0.137656
7 0.684604 0.785859 0.013545 0.424219
7 0.633594 0.658242 0.007617 0.194453
8 0.645527 0.746953 0.009258 0.324688
1 0.595293 0.577539 0.023594 0.103047
1 0.919854 0.819531 0.079160 0.360938
1 0.509634 0.749805 0.020830 0.240391
1 0.014941 0.730469 0.029883 0.539062
1 0.501045 0.636680 0.007285 0.070234
1 0.477695 0.757031 0.018672 0.204062
1 0.464902 0.699531 0.014766 0.135313
1 0.597798 0.795469 0.079170 0.409062
1 0.967603 0.707305 0.029189 0.293203
