1 0.104980 0.703594 0.023633 0.212969
2 0.481045 0.603477 0.012871 0.152734
1 0.450752 0.703125 0.016172 0.147969
1 0.399170 0.816641 0.053418 0.356719
8 0.209805 0.274609 0.005352 0.092656
5 0.211069 0.323672 0.009814 0.042813
1 0.501963 0.608633 0.010234 0.107422
1 0.092549 0.726211 0.036191 0.261328
1 0.014683 0.795742 0.028799 0.419766
1 0.502852 0.807852 0.037871 0.308047
7 0.704629 0.636719 0.014531 0.582812
7 0.735068 0.688281 0.024199 0.623437
1 0.035815 0.613203 0.012139 0.112187
7 0.107920 0.625781 0.006680 0.190000
7 0.063188 0.539453 0.005850 0.093438
