1 0.108506 0.557930 0.021289 0.164141
1 0.125698 0.537852 0.016963 0.145859
1 0.161440 0.595312 0.011045 0.095313
7 0.428232 0.777539 0.005176 0.242891
7 0.890605 0.405469 0.006152 0.126563
7 0.890566 0.410000 0.004648 0.130469
7 0.886934 0.433672 0.002949 0.119219
1 0.420273 0.805469 0.004980 0.204688
7 0.474756 0.667109 0.003711 0.110313
3 0.247041 0.654336 0.057734 0.186172
7 0.148501 0.533281 0.002666 0.078125
7 0.552383 0.572148 0.002441 0.075078
1 0.313887 0.773516 0.011094 0.051563
1 0.161240 0.586836 0.010957 0.101328
1 0.522905 0.684258 0.013936 0.120391
