7 0.847334 0.750000 0.015977 0.500000
7 0.885254 0.681758 0.010449 0.398203
7 0.913555 0.681953 0.010020 0.374844
7 0.793916 0.723867 0.011758 0.458672
7 0.894995 0.604062 0.008584 0.317344
7 0.920029 0.577930 0.005371 0.228672
7 0.923071 0.579219 0.005068 0.221406
7 0.833320 0.684492 0.012852 0.512891
1 0.443730 0.796523 0.053770 0.406953
1 0.482554 0.683242 0.015010 0.159922
1 0.508091 0.791797 0.033662 0.366719
1 0.016128 0.736484 0.033271 0.512344
7 0.807510 0.747344 0.015801 0.505313
3 0.972036 0.537031 0.038779 0.540625
