7 0.451973 0.684844 0.005020 0.148281
2 0.493325 0.542266 0.005166 0.114062
1 0.173828 0.907891 0.100469 0.173594
1 0.329268 0.669258 0.006074 0.102734
1 0.014658 0.791367 0.029121 0.416172
1 0.367441 0.691563 0.022813 0.143437
1 0.988447 0.595508 0.014766 0.187578
3 0.928691 0.500234 0.107988 0.999531
1 0.559482 0.821211 0.047324 0.317422
3 0.523926 0.572227 0.019258 0.312422
1 0.500459 0.775469 0.025410 0.289531
2 0.502109 0.557695 0.014102 0.160078
1 0.992910 0.845586 0.014180 0.308828
1 0.589297 0.571289 0.008496 0.133047
1 0.479648 0.690039 0.016758 0.161328
1 0.026870 0.600781 0.011631 0.117969
1 0.343247 0.673594 0.020674 0.165938
