5 0.910288 0.672656 0.013682 0.087500
5 0.910083 0.669883 0.013721 0.097578
5 0.782417 0.795898 0.009756 0.206641
5 0.811885 0.753984 0.014766 0.192188
5 0.261548 0.645117 0.008311 0.271016
5 0.361987 0.645195 0.013232 0.193828
5 0.768604 0.798008 0.008105 0.216484
5 0.759141 0.806523 0.007188 0.192734
5 0.749121 0.811406 0.007227 0.182656
5 0.274619 0.674023 0.010723 0.264453
5 0.737437 0.801875 0.008174 0.197500
5 0.284990 0.677500 0.014863 0.224375
5 0.300239 0.660391 0.010244 0.237656
5 0.727485 0.810937 0.006650 0.196562
5 0.311792 0.660430 0.012158 0.229141
7 0.318911 0.620898 0.010713 0.282734
5 0.653408 0.778438 0.012793 0.139687
5 0.636499 0.750078 0.018994 0.149844
5 0.624180 0.719258 0.013262 0.124922
7 0.579390 0.628555 0.004502 0.128672
