1 0.244487 0.652031 0.014248 0.118594
7 0.400918 0.709766 0.006230 0.150625
1 0.356445 0.864688 0.088281 0.237031
1 0.072900 0.599570 0.022363 0.135234
7 0.125073 0.665273 0.006279 0.208359
7 0.419937 0.673242 0.006104 0.138672
7 0.956772 0.676094 0.013291 0.387500
5 0.959219 0.745430 0.018496 0.229141
1 0.747920 0.470469 0.016934 0.097187
1 0.005225 0.569844 0.010254 0.121094
1 0.488633 0.636133 0.010937 0.104766
1 0.047759 0.742852 0.027275 0.271484
1 0.021748 0.581641 0.010215 0.088750
1 0.505371 0.721719 0.019082 0.218594
1 0.467158 0.774023 0.025430 0.232422
