1 0.159800 0.589141 0.008740 0.055469
1 0.159282 0.904766 0.106748 0.182969
1 0.089985 0.587148 0.010791 0.151172
1 0.106528 0.610352 0.014951 0.154141
1 0.121235 0.641055 0.018428 0.145391
1 0.142012 0.648320 0.020312 0.154141
1 0.163730 0.691914 0.024883 0.194766
1 0.187554 0.719453 0.021260 0.176875
1 0.223218 0.651797 0.009697 0.088750
1 0.208296 0.657656 0.008506 0.080937
1 0.501323 0.826367 0.035811 0.327422
1 0.444258 0.793867 0.049609 0.408203
1 0.385947 0.749414 0.021250 0.256328
7 0.571265 0.680625 0.008018 0.288906
1 0.613906 0.526289 0.020723 0.111172
7 0.569023 0.536836 0.003359 0.098047
7 0.368062 0.692344 0.004756 0.181094
1 0.172944 0.568984 0.008760 0.076406
8 0.927305 0.288516 0.005254 0.078125
3 0.988545 0.417187 0.010215 0.132812
1 0.473560 0.630703 0.008447 0.062813
