1 0.294624 0.856914 0.097451 0.284609
1 0.167051 0.735781 0.012422 0.095000
7 0.295664 0.776914 0.005195 0.244453
1 0.212959 0.882539 0.060215 0.231328
1 0.396631 0.795352 0.035781 0.222578
1 0.066938 0.668828 0.024326 0.232969
1 0.145957 0.788750 0.015547 0.169687
1 0.006284 0.655898 0.012764 0.211016
1 0.486270 0.618203 0.014375 0.145781
1 0.451895 0.812617 0.045098 0.382891
7 0.677900 0.757734 0.018809 0.473438
7 0.659424 0.719141 0.016895 0.561719
7 0.975698 0.533242 0.004912 0.135859
1 0.042207 0.610781 0.010449 0.091563
1 0.108623 0.675664 0.013730 0.077891
1 0.126909 0.677578 0.014854 0.093750
1 0.142412 0.671289 0.011270 0.091797
1 0.017402 0.589063 0.009727 0.088281
1 0.494277 0.596055 0.006582 0.093047
