7 0.069810 0.554922 0.004053 0.095156
1 0.493730 0.859063 0.033242 0.270781
1 0.503027 0.778711 0.028711 0.190234
1 0.542441 0.644922 0.028066 0.193438
1 0.583257 0.667148 0.019053 0.120391
1 0.618062 0.656719 0.020205 0.109844
1 0.640659 0.654023 0.016357 0.104297
1 0.092261 0.604531 0.020146 0.130312
1 0.061392 0.557500 0.009014 0.085938
1 0.126968 0.592578 0.022100 0.133594
8 0.010259 0.632891 0.008506 0.204844
7 0.061504 0.552773 0.005488 0.124453
8 0.279160 0.545234 0.005000 0.068438
8 0.399390 0.539336 0.006475 0.106172
7 0.504116 0.641953 0.004971 0.109375
7 0.510713 0.639570 0.004941 0.106641
