1 0.865708 0.718945 0.049463 0.363984
7 0.638770 0.739453 0.007227 0.327344
7 0.810449 0.709141 0.010898 0.287500
7 0.345156 0.685742 0.007051 0.208984
7 0.898428 0.705898 0.009902 0.371172
7 0.786172 0.744531 0.010605 0.304375
7 0.072544 0.828086 0.010811 0.305234
7 0.136221 0.744258 0.010742 0.411797
7 0.149521 0.771172 0.011348 0.368906
8 0.947168 0.640273 0.009609 0.284922
5 0.875356 0.875703 0.016572 0.248594
7 0.774043 0.764531 0.012656 0.405312
7 0.926909 0.721602 0.011104 0.414297
7 0.831157 0.747305 0.012998 0.385234
7 0.633936 0.766406 0.016895 0.373437
7 0.621992 0.702695 0.009492 0.244453
1 0.440439 0.716797 0.020918 0.205156
7 0.880845 0.730234 0.013154 0.350000
