1 0.553301 0.726953 0.028281 0.215156
8 0.450220 0.679063 0.006748 0.214844
5 0.450620 0.735156 0.005537 0.146875
7 0.578687 0.742891 0.008408 0.326094
7 0.739355 0.598828 0.004082 0.100781
1 0.013555 0.781953 0.027109 0.436094
3 0.046572 0.542773 0.015078 0.139453
1 0.043350 0.687500 0.014238 0.165625
1 0.059897 0.768672 0.033525 0.288906
7 0.191968 0.588281 0.003350 0.087500
1 0.116948 0.868750 0.094248 0.262500
1 0.336494 0.791562 0.138984 0.416875
1 0.508354 0.830117 0.034932 0.339766
8 0.590977 0.731133 0.008301 0.373984
5 0.593149 0.812539 0.022822 0.221484
8 0.568813 0.724805 0.008467 0.326953
7 0.729731 0.607461 0.003291 0.103047
