7 0.760264 0.406406 0.002461 0.083125
7 0.755459 0.386094 0.001660 0.065625
3 0.554761 0.565859 0.033057 0.132813
7 0.539609 0.601797 0.002871 0.096562
1 0.005225 0.638242 0.010586 0.180703
1 0.035830 0.620508 0.016484 0.180547
1 0.051948 0.699062 0.034053 0.311875
3 0.023584 0.503516 0.016895 0.217969
7 0.158403 0.718125 0.010127 0.352344
7 0.160747 0.778828 0.007607 0.227969
7 0.575410 0.694727 0.004980 0.242891
7 0.783394 0.508984 0.003760 0.121094
7 0.787588 0.566484 0.004961 0.148594
7 0.772227 0.466680 0.002656 0.104453
1 0.997461 0.636094 0.005078 0.193437
7 0.973755 0.591758 0.006123 0.134766
3 0.503018 0.563203 0.017090 0.247969
1 0.501436 0.793047 0.022988 0.301406
