1 0.429521 0.868008 0.069746 0.263984
1 0.075679 0.826133 0.060869 0.347734
1 0.024819 0.608125 0.013936 0.130625
1 0.011426 0.761250 0.022852 0.364531
7 0.368462 0.687422 0.011377 0.303281
1 0.481826 0.678242 0.017813 0.157891
3 0.520747 0.566680 0.015635 0.239609
3 0.503853 0.538594 0.008564 0.079375
1 0.504170 0.651367 0.012637 0.129922
1 0.972373 0.687539 0.030937 0.297422
7 0.618921 0.708125 0.011963 0.301875
1 0.750596 0.651719 0.059863 0.380313
1 0.816680 0.690156 0.052402 0.304063
1 0.869141 0.632734 0.034180 0.238437
1 0.894985 0.608281 0.018428 0.153906
1 0.916343 0.570156 0.023896 0.158750
3 0.994868 0.499492 0.010146 0.152734
7 0.618711 0.715625 0.010488 0.287344
