3 0.004766 0.432734 0.009531 0.223750
1 0.155908 0.576836 0.008867 0.055391
7 0.560122 0.367305 0.002393 0.037734
1 0.281577 0.936328 0.106279 0.127344
1 0.088003 0.580000 0.012354 0.142969
1 0.101987 0.603437 0.014248 0.154062
1 0.120562 0.624492 0.019404 0.148672
1 0.140313 0.634883 0.022813 0.160859
1 0.159683 0.681133 0.024033 0.169453
1 0.183345 0.700430 0.023682 0.167422
1 0.218271 0.641602 0.006934 0.061797
1 0.202300 0.649727 0.008506 0.081016
1 0.502417 0.826055 0.032822 0.320547
1 0.444277 0.807852 0.053262 0.373516
1 0.074570 0.657344 0.036230 0.261094
7 0.540190 0.680664 0.008018 0.268672
1 0.616797 0.533008 0.018652 0.111172
7 0.540898 0.580273 0.003359 0.127109
7 0.366401 0.709883 0.005518 0.209141
1 0.169404 0.571992 0.008750 0.076484
8 0.968008 0.402344 0.003594 0.078125
3 0.993325 0.407813 0.013350 0.203125
1 0.472124 0.649648 0.006885 0.067109
