7 0.034326 0.503750 0.002344 0.051563
7 0.027446 0.519219 0.002354 0.065781
1 0.598071 0.646641 0.018076 0.102656
1 0.571016 0.658555 0.026309 0.148359
1 0.419072 0.529531 0.023770 0.135313
7 0.583164 0.204688 0.003398 0.037500
1 0.102124 0.805000 0.084951 0.387187
1 0.044409 0.724063 0.033936 0.312656
1 0.055596 0.587969 0.017012 0.215469
3 0.205786 0.519258 0.286377 0.960703
1 0.273569 0.895664 0.121299 0.208672
7 0.353945 0.476016 0.003398 0.105000
7 0.901948 0.205234 0.004521 0.127813
7 0.981343 0.618320 0.006006 0.190547
7 0.886831 0.846836 0.009131 0.285078
7 0.895786 0.756563 0.011064 0.486875
