1 0.677358 0.561133 0.016475 0.117734
1 0.978389 0.662578 0.013984 0.163125
1 0.509541 0.611133 0.009824 0.086641
7 0.446670 0.632891 0.007461 0.146094
7 0.602183 0.801953 0.009795 0.370312
7 0.480620 0.634805 0.006338 0.136172
7 0.714658 0.517109 0.004707 0.117813
7 0.487856 0.635352 0.006064 0.150859
7 0.233188 0.695312 0.008271 0.262969
8 0.487134 0.625508 0.006650 0.124453
1 0.727451 0.457891 0.005176 0.048438
1 0.842563 0.407109 0.006709 0.067656
1 0.990615 0.534883 0.011602 0.128359
1 0.040161 0.572930 0.016553 0.076953
7 0.462563 0.645117 0.005225 0.133672
1 0.013638 0.638984 0.017432 0.185469
1 0.514829 0.841523 0.041162 0.316328
1 0.012075 0.793477 0.023877 0.398516
1 0.987515 0.797695 0.024189 0.398984
1 0.629341 0.624805 0.024971 0.153828
1 0.652285 0.580586 0.017402 0.097266
7 0.949600 0.609687 0.006777 0.225781
7 0.096816 0.669844 0.009199 0.326250
7 0.770850 0.491914 0.005566 0.113359
1 0.606704 0.565195 0.039658 0.272891
