7 0.069048 0.543320 0.004053 0.095078
8 0.995923 0.637461 0.008154 0.336016
8 0.969302 0.571289 0.005166 0.146484
1 0.493770 0.856797 0.032520 0.273125
1 0.503027 0.778711 0.028711 0.190234
1 0.529800 0.641172 0.027627 0.197969
1 0.574478 0.673320 0.018838 0.122891
1 0.613062 0.660469 0.020264 0.110312
1 0.640728 0.653203 0.016611 0.108281
1 0.126680 0.603594 0.023730 0.124531
1 0.061392 0.557500 0.009014 0.085938
1 0.126968 0.592578 0.022100 0.133594
8 0.002202 0.670078 0.004404 0.231094
7 0.056924 0.551641 0.004980 0.116094
8 0.268306 0.547578 0.005010 0.068438
8 0.393955 0.525469 0.006230 0.098438
7 0.508188 0.645039 0.004971 0.110078
7 0.515293 0.640859 0.005293 0.108594
