1 0.434302 0.756328 0.023936 0.239844
1 0.203960 0.792734 0.013193 0.153906
7 0.370576 0.705234 0.007031 0.133125
1 0.368545 0.854922 0.046113 0.286406
1 0.154629 0.794023 0.079023 0.408359
1 0.039448 0.595469 0.008525 0.070156
1 0.227588 0.871094 0.049316 0.257812
1 0.006519 0.643945 0.012900 0.212734
1 0.028975 0.588359 0.010273 0.076094
1 0.487495 0.629258 0.012881 0.139766
1 0.462861 0.802227 0.037891 0.357422
7 0.582705 0.731133 0.010332 0.402891
7 0.572534 0.717852 0.012256 0.422422
7 0.969253 0.523086 0.005596 0.165859
3 0.037910 0.505508 0.012344 0.117109
1 0.060122 0.647031 0.018486 0.148750
1 0.127886 0.683437 0.016260 0.114687
1 0.147388 0.694922 0.014854 0.093750
7 0.319585 0.828906 0.005811 0.298906
1 0.018560 0.592969 0.010088 0.092187
1 0.495630 0.600820 0.006572 0.089453
