1 0.096372 0.543086 0.020576 0.153203
1 0.113379 0.538672 0.016797 0.128906
1 0.152695 0.592812 0.010273 0.095313
7 0.414111 0.815547 0.007383 0.265781
7 0.896963 0.398086 0.004648 0.114922
7 0.892881 0.418867 0.002949 0.116328
1 0.405552 0.838828 0.005967 0.221875
7 0.470474 0.691953 0.004443 0.113906
3 0.235908 0.668594 0.051816 0.203437
7 0.138833 0.535625 0.002666 0.078125
7 0.548125 0.590859 0.002637 0.065156
7 0.552192 0.575234 0.002061 0.067188
1 0.302080 0.781875 0.012773 0.068750
1 0.152529 0.589805 0.010332 0.090703
1 0.521733 0.690117 0.013076 0.120391
