1 0.843975 0.468359 0.022422 0.167656
1 0.857646 0.434375 0.014727 0.089531
7 0.534956 0.617578 0.004893 0.186875
7 0.474824 0.601016 0.002852 0.082344
7 0.461431 0.603984 0.002568 0.078750
1 0.904229 0.496875 0.017715 0.172969
1 0.129712 0.846328 0.081963 0.302812
1 0.009985 0.659219 0.016709 0.200781
7 0.983652 0.550195 0.001621 0.073828
7 0.986318 0.543984 0.002109 0.082344
1 0.924663 0.502930 0.023447 0.205078
1 0.035747 0.652148 0.021084 0.184766
7 0.241904 0.693164 0.005781 0.158047
1 0.485874 0.597891 0.009580 0.108437
