1 0.051260 0.518047 0.013262 0.103125
1 0.385713 0.763398 0.022988 0.169609
1 0.108691 0.557539 0.007812 0.061953
1 0.061245 0.517266 0.008174 0.102969
7 0.235093 0.831172 0.011045 0.336094
7 0.614414 0.779219 0.012031 0.441562
7 0.406592 0.768008 0.008105 0.283047
1 0.406162 0.621211 0.010234 0.102266
7 0.429331 0.720039 0.005498 0.173984
3 0.184277 0.619375 0.052344 0.190937
7 0.090356 0.509062 0.002158 0.065625
1 0.418081 0.683750 0.012568 0.138281
7 0.552051 0.557266 0.002344 0.079688
7 0.547217 0.584219 0.003613 0.096094
7 0.913594 0.443125 0.002441 0.071875
1 0.108896 0.546094 0.017578 0.114687
1 0.517051 0.652383 0.010879 0.093359
