7 0.772583 0.889883 0.014072 0.220234
1 0.398320 0.479609 0.015039 0.082031
1 0.362563 0.459609 0.011514 0.076406
7 0.950669 0.442969 0.002842 0.052500
1 0.577480 0.576211 0.012305 0.063203
1 0.426362 0.836445 0.055889 0.348984
1 0.100015 0.823828 0.084541 0.352344
7 0.388950 0.610156 0.007822 0.251719
7 0.095054 0.535312 0.005244 0.135937
7 0.149390 0.519883 0.005068 0.206641
7 0.162314 0.538203 0.004062 0.228594
7 0.112407 0.530742 0.006572 0.140703
7 0.742788 0.766289 0.014033 0.467422
1 0.380835 0.434453 0.014209 0.059531
1 0.542124 0.573203 0.016475 0.087656
3 0.026040 0.510898 0.019639 0.212266
1 0.440542 0.529961 0.019951 0.092734
