1 0.503296 0.621406 0.011357 0.105625
1 0.475938 0.639023 0.012480 0.104141
1 0.013516 0.765898 0.027266 0.465391
1 0.504785 0.837187 0.038867 0.311250
7 0.556128 0.595000 0.007041 0.161563
7 0.565591 0.629805 0.007021 0.234609
1 0.123169 0.860352 0.074561 0.279297
7 0.255752 0.745078 0.005352 0.243750
7 0.035166 0.503789 0.005859 0.093672
1 0.911055 0.438828 0.013066 0.131406
7 0.966592 0.436367 0.003594 0.097109
7 0.969873 0.447930 0.004102 0.083828
1 0.523608 0.611758 0.012842 0.067734
7 0.059180 0.534336 0.003398 0.084141
