1 0.507979 0.685000 0.020117 0.124375
1 0.237593 0.858008 0.066279 0.311328
1 0.404512 0.713906 0.020488 0.095156
1 0.579795 0.710273 0.026309 0.225859
1 0.455249 0.688711 0.014854 0.095391
1 0.564385 0.638945 0.021230 0.160703
1 0.332480 0.704609 0.011113 0.099375
1 0.344912 0.683594 0.012246 0.127031
1 0.324194 0.659219 0.008447 0.070000
1 0.317744 0.662109 0.007188 0.067969
1 0.487173 0.688203 0.018018 0.108594
1 0.910513 0.755625 0.055791 0.505000
1 0.596836 0.841523 0.058359 0.296016
2 0.396816 0.653594 0.022617 0.156094
7 0.643877 0.632812 0.006055 0.263906
7 0.654868 0.640117 0.007451 0.296641
1 0.195688 0.680078 0.016885 0.090313
7 0.937563 0.482578 0.006455 0.146094
1 0.247661 0.734219 0.015225 0.077500
