1 0.392397 0.839258 0.054502 0.307266
1 0.387324 0.738984 0.017871 0.125781
1 0.460195 0.770898 0.028672 0.271641
1 0.036133 0.605078 0.014453 0.117969
3 0.056738 0.561523 0.042871 0.324609
1 0.030078 0.564844 0.007227 0.067187
1 0.025439 0.610039 0.010645 0.078516
2 0.022783 0.507812 0.008203 0.109375
1 0.109082 0.829687 0.046289 0.326562
7 0.978770 0.596094 0.007695 0.204688
1 0.315474 0.763086 0.033311 0.193203
2 0.148892 0.692383 0.053838 0.193359
1 0.196479 0.775156 0.030947 0.168750
1 0.239326 0.782266 0.030273 0.185937
1 0.278237 0.792422 0.027021 0.152188
