1 0.523022 0.554492 0.022354 0.140703
1 0.376523 0.623359 0.019062 0.123750
1 0.358457 0.665469 0.021719 0.155000
3 0.312031 0.616914 0.079453 0.307734
7 0.949673 0.639414 0.009111 0.348672
8 0.625239 0.517813 0.009131 0.184687
1 0.509819 0.546055 0.017256 0.080078
1 0.332505 0.871797 0.085127 0.256406
1 0.990215 0.570273 0.018672 0.168359
1 0.486309 0.835000 0.038398 0.333281
1 0.015625 0.625312 0.018164 0.152656
1 0.028101 0.817266 0.050303 0.357500
7 0.069058 0.556563 0.005459 0.152656
7 0.968213 0.647148 0.008262 0.284141
7 0.986353 0.522539 0.004893 0.112109
3 0.612764 0.469297 0.033242 0.188906
