1 0.078403 0.584180 0.012061 0.073828
8 0.166289 0.724727 0.007188 0.261484
5 0.165439 0.773633 0.007246 0.146641
7 0.435713 0.669492 0.004238 0.144297
7 0.471499 0.614961 0.003467 0.093984
7 0.463081 0.632383 0.003662 0.098828
7 0.461768 0.644141 0.003867 0.115000
7 0.545923 0.620664 0.004385 0.144453
7 0.541274 0.627109 0.004014 0.145781
7 0.535220 0.614102 0.003877 0.124141
1 0.934614 0.827852 0.063096 0.344297
5 0.872466 0.642148 0.012471 0.148672
1 0.019023 0.807422 0.038047 0.385156
1 0.004502 0.575391 0.008770 0.105000
7 0.105747 0.677969 0.005518 0.220469
1 0.020742 0.598633 0.014336 0.119922
1 0.509111 0.845625 0.042852 0.308750
1 0.520986 0.625352 0.010117 0.082578
1 0.505366 0.664297 0.016514 0.126719
5 0.920088 0.600117 0.011328 0.116172
5 0.914009 0.604688 0.010557 0.110781
5 0.899849 0.613125 0.012646 0.135000
