1 0.028403 0.676211 0.022744 0.248047
3 0.376997 0.564883 0.079795 0.356797
1 0.052603 0.587617 0.009053 0.106328
1 0.293286 0.661719 0.014932 0.088750
7 0.598188 0.649414 0.008389 0.296797
7 0.126465 0.679961 0.007070 0.238047
7 0.990703 0.472266 0.002188 0.040938
7 0.998120 0.472930 0.003643 0.044766
3 0.656533 0.444883 0.023184 0.126484
2 0.238574 0.593047 0.010313 0.126563
1 0.300840 0.632187 0.011621 0.068750
1 0.989395 0.570547 0.018984 0.173437
3 0.459341 0.535078 0.051631 0.194219
7 0.968403 0.637344 0.008271 0.274375
7 0.930220 0.735195 0.015264 0.496484
1 0.486753 0.860820 0.040928 0.274766
3 0.615957 0.491875 0.035254 0.182344
