1 0.623975 0.517070 0.015488 0.081016
1 0.484722 0.797148 0.052314 0.405703
2 0.407261 0.434727 0.041318 0.239922
1 0.428628 0.559922 0.024834 0.134062
1 0.306162 0.564648 0.015449 0.087422
1 0.292744 0.545937 0.013203 0.071719
1 0.306982 0.552500 0.016777 0.092969
3 0.272744 0.513828 0.026426 0.125156
1 0.274604 0.530078 0.013115 0.074687
7 0.649629 0.564727 0.005840 0.111953
7 0.658389 0.553008 0.006094 0.102422
8 0.642529 0.519141 0.005469 0.053125
7 0.003281 0.559922 0.003789 0.161719
7 0.574121 0.517656 0.003906 0.071875
7 0.459893 0.526484 0.005078 0.120313
7 0.466396 0.527109 0.005664 0.117188
7 0.471572 0.524375 0.004102 0.114844
7 0.475527 0.521641 0.003027 0.112500
7 0.489590 0.526719 0.005859 0.116406
7 0.450293 0.522578 0.005664 0.114062
