1 0.778042 0.781094 0.057529 0.417656
7 0.582900 0.734258 0.006816 0.260703
7 0.729302 0.765273 0.010947 0.316484
7 0.348726 0.671758 0.007080 0.213516
7 0.183022 0.761953 0.015537 0.473437
7 0.344487 0.647305 0.007158 0.217109
7 0.831416 0.778164 0.011113 0.431328
7 0.703325 0.802695 0.011123 0.351953
8 0.844717 0.765547 0.030645 0.431719
8 0.857617 0.751445 0.014141 0.425859
7 0.199292 0.787617 0.016865 0.413984
5 0.747544 0.923633 0.013740 0.150078
7 0.660566 0.781094 0.010000 0.293750
7 0.858701 0.781641 0.018926 0.436719
7 0.746724 0.786016 0.012998 0.419844
7 0.719668 0.758945 0.009883 0.293047
7 0.679707 0.677109 0.006543 0.224687
7 0.577305 0.740234 0.007930 0.274219
1 0.443643 0.729609 0.024004 0.230312
7 0.802173 0.782109 0.013154 0.427656
8 0.046484 0.585859 0.004922 0.158750
