1 0.039512 0.723750 0.023086 0.213906
1 0.036353 0.564727 0.007861 0.062109
1 0.455195 0.611953 0.009727 0.060937
1 0.502441 0.634180 0.011875 0.118047
1 0.473174 0.696484 0.019219 0.210469
1 0.873008 0.486211 0.019922 0.106016
1 0.092471 0.798203 0.068535 0.396406
1 0.456177 0.822695 0.034326 0.331328
1 0.349048 0.782578 0.135986 0.419844
1 0.857437 0.451250 0.017295 0.101250
2 0.842671 0.418125 0.021240 0.129375
1 0.498887 0.865625 0.041855 0.268750
2 0.022158 0.500703 0.017422 0.293438
1 0.006299 0.574883 0.012246 0.133516
