1 0.099292 0.836836 0.082979 0.277891
1 0.421484 0.856758 0.043379 0.317422
1 0.473164 0.680547 0.016250 0.145938
1 0.488882 0.627109 0.011865 0.093750
1 0.960444 0.530703 0.014385 0.109219
3 0.955488 0.480625 0.023984 0.118594
5 0.903062 0.676172 0.016162 0.165469
5 0.857129 0.613711 0.010176 0.175859
5 0.847476 0.626797 0.009189 0.132500
7 0.333828 0.712344 0.005586 0.181875
7 0.371436 0.686172 0.002793 0.100781
7 0.368535 0.655430 0.002695 0.048516
7 0.384253 0.637109 0.003135 0.058594
7 0.061987 0.584219 0.002783 0.077813
5 0.066333 0.650937 0.005361 0.068906
2 0.008164 0.541172 0.016328 0.139531
1 0.998921 0.513242 0.002158 0.186953
