7 0.937471 0.563320 0.006719 0.208047
1 0.020259 0.803672 0.040107 0.392656
7 0.198413 0.746797 0.006689 0.282500
8 0.145630 0.691953 0.005986 0.216094
1 0.175957 0.547969 0.012656 0.073438
5 0.144404 0.791211 0.011895 0.173672
1 0.074258 0.571641 0.012422 0.066094
1 0.081934 0.589961 0.015195 0.074922
1 0.018677 0.559766 0.010127 0.093281
1 0.025332 0.617773 0.013164 0.126641
1 0.057964 0.600195 0.011279 0.082891
1 0.435068 0.816250 0.035762 0.277188
3 0.741353 0.495156 0.375107 0.990313
1 0.505317 0.780977 0.028799 0.272734
