1 0.475190 0.661680 0.019385 0.198828
1 0.064331 0.506797 0.008994 0.094531
1 0.053784 0.527109 0.008721 0.095625
3 0.454585 0.576172 0.021104 0.318125
1 0.523071 0.596523 0.011572 0.098203
3 0.892866 0.388672 0.060146 0.283594
1 0.008198 0.688398 0.014229 0.168828
1 0.913936 0.525898 0.028242 0.164766
1 0.502827 0.699766 0.022490 0.245781
1 0.094448 0.623242 0.023955 0.124453
1 0.128921 0.837227 0.072607 0.300547
1 0.984634 0.604180 0.030127 0.247109
3 0.314668 0.614961 0.262656 0.762266
7 0.100391 0.526680 0.004922 0.109766
7 0.096738 0.526133 0.004219 0.109922
7 0.092358 0.534609 0.004092 0.103281
1 0.876357 0.468008 0.016914 0.131953
7 0.844009 0.403516 0.006318 0.139844
7 0.621387 0.789609 0.016797 0.416406
