7 0.413916 0.459570 0.003027 0.081172
7 0.130137 0.519609 0.005508 0.145000
7 0.098213 0.520273 0.004258 0.136797
7 0.085601 0.493281 0.003213 0.095312
7 0.089951 0.496797 0.002734 0.094531
7 0.064980 0.500820 0.003184 0.072422
1 0.381426 0.436406 0.011484 0.073906
1 0.355381 0.408633 0.008496 0.039922
5 0.575752 0.803359 0.013945 0.120313
7 0.575986 0.739570 0.009453 0.276172
7 0.601055 0.158984 0.003867 0.061719
1 0.259326 0.773516 0.093848 0.451406
1 0.194478 0.826172 0.126455 0.346094
1 0.084331 0.773828 0.071357 0.452344
1 0.046772 0.690898 0.039854 0.415078
