8 0.072334 0.560156 0.006523 0.197969
2 0.611021 0.602305 0.016826 0.116797
1 0.550776 0.637891 0.007432 0.052969
1 0.983701 0.469648 0.024277 0.216328
1 0.396147 0.834375 0.053408 0.331250
1 0.434961 0.772188 0.018184 0.208438
7 0.632505 0.790273 0.023564 0.415234
7 0.603027 0.670039 0.007266 0.236172
1 0.004297 0.508320 0.008594 0.153672
1 0.073389 0.685508 0.040332 0.316484
1 0.863833 0.779492 0.121084 0.441016
7 0.944907 0.450000 0.007900 0.222656
1 0.936714 0.741719 0.058760 0.516563
8 0.958301 0.586133 0.012891 0.343828
1 0.988237 0.567852 0.023525 0.259922
1 0.454224 0.676445 0.015283 0.210078
1 0.464810 0.684844 0.013232 0.079375
1 0.468242 0.681602 0.012031 0.076953
