7 0.928262 0.553438 0.003242 0.185625
1 0.959062 0.537656 0.004570 0.049375
7 0.392993 0.682773 0.005811 0.165547
7 0.378989 0.670547 0.006084 0.122344
1 0.970459 0.564570 0.017676 0.258828
7 0.891206 0.546992 0.006260 0.345547
7 0.896851 0.706875 0.012158 0.554375
7 0.923887 0.558516 0.005820 0.181406
3 0.464004 0.576992 0.134102 0.724297
7 0.074023 0.593906 0.006250 0.169531
5 0.052710 0.610469 0.012256 0.094844
5 0.031743 0.577344 0.007393 0.055312
7 0.369658 0.653359 0.006152 0.143125
7 0.273911 0.694258 0.005635 0.169922
7 0.355454 0.661250 0.002959 0.131875
7 0.330337 0.661445 0.004170 0.116641
