1 0.494268 0.565820 0.022363 0.140703
1 0.396094 0.616055 0.019375 0.125859
7 0.954595 0.641055 0.007979 0.321953
8 0.620308 0.536250 0.009131 0.184687
1 0.529214 0.526523 0.014912 0.078984
3 0.335728 0.573672 0.018389 0.202344
1 0.374736 0.859648 0.050117 0.278828
1 0.990083 0.574453 0.018643 0.155312
1 0.486890 0.850898 0.038018 0.298203
1 0.015566 0.626328 0.018145 0.143750
1 0.028579 0.808281 0.050850 0.369531
7 0.069902 0.562578 0.005469 0.152656
7 0.967197 0.659258 0.008262 0.284141
7 0.984199 0.528125 0.004902 0.112187
3 0.612749 0.469297 0.033271 0.188906
3 0.298325 0.613750 0.068330 0.265469
