1 0.454146 0.719531 0.024189 0.159687
1 0.859897 0.547344 0.010459 0.088750
1 0.990376 0.844375 0.018193 0.306094
1 0.509487 0.845430 0.032061 0.297422
1 0.457871 0.665703 0.034023 0.249375
1 0.116709 0.478984 0.017539 0.141875
1 0.066646 0.588281 0.032998 0.287188
1 0.024756 0.800508 0.048398 0.406953
1 0.458237 0.664922 0.021260 0.144219
1 0.481240 0.655703 0.020488 0.122188
3 0.433457 0.606602 0.046523 0.315391
3 0.898999 0.510586 0.037412 0.439453
3 0.386782 0.656797 0.045850 0.518437
7 0.694941 0.714063 0.008066 0.141094
7 0.659717 0.717187 0.008789 0.218281
