1 0.500542 0.606172 0.011357 0.104062
1 0.972295 0.670508 0.026074 0.214766
1 0.533145 0.735586 0.016113 0.302109
1 0.518057 0.635430 0.011953 0.138516
1 0.018994 0.631289 0.018066 0.154609
1 0.919531 0.839766 0.055195 0.335156
1 0.051592 0.632422 0.017910 0.108281
1 0.522939 0.672578 0.014043 0.203438
3 0.042144 0.533008 0.015654 0.211172
7 0.950518 0.561836 0.005488 0.111484
1 0.956162 0.753594 0.037695 0.310625
1 0.013999 0.672773 0.020713 0.209609
3 0.725854 0.525430 0.325498 0.987734
3 0.160884 0.605039 0.215303 0.757266
