1 0.450669 0.692148 0.014951 0.130859
1 0.248242 0.652852 0.006836 0.063047
1 0.239258 0.656875 0.006250 0.063750
1 0.404941 0.740430 0.024961 0.209922
1 0.262285 0.651563 0.010117 0.068750
1 0.470527 0.633711 0.010430 0.084766
1 0.220845 0.656133 0.010654 0.085547
1 0.278677 0.805078 0.098701 0.385156
1 0.018623 0.578906 0.012402 0.092813
1 0.035581 0.657383 0.017119 0.155234
3 0.058691 0.546758 0.036719 0.287266
7 0.565269 0.692930 0.009346 0.298047
1 0.087612 0.760938 0.060908 0.465938
1 0.490610 0.638047 0.008506 0.070000
1 0.505635 0.646367 0.009570 0.070391
1 0.497231 0.590781 0.005889 0.047031
