1 0.237866 0.885312 0.071006 0.233437
7 0.577139 0.715977 0.007852 0.261172
7 0.313696 0.733086 0.005381 0.188828
7 0.318247 0.727461 0.005381 0.181953
7 0.295298 0.742461 0.006025 0.173047
1 0.208037 0.763516 0.010820 0.113281
1 0.365684 0.879570 0.070391 0.240859
1 0.017261 0.560586 0.008857 0.077578
2 0.457407 0.493828 0.046396 0.728906
7 0.058711 0.592969 0.005508 0.127344
7 0.078774 0.590898 0.004463 0.099297
7 0.964194 0.638711 0.009072 0.310234
7 0.132720 0.666133 0.004658 0.180078
3 0.516606 0.572930 0.013896 0.189141
