1 0.556938 0.591289 0.008115 0.099766
2 0.400386 0.503906 0.131436 0.992188
7 0.229912 0.816680 0.012051 0.366641
1 0.480518 0.711016 0.012246 0.123906
1 0.026899 0.618359 0.014248 0.147969
1 0.012451 0.798594 0.024707 0.395625
1 0.173447 0.689102 0.022656 0.225703
1 0.985513 0.599883 0.018330 0.207422
3 0.794331 0.501367 0.346084 0.997266
1 0.525503 0.679961 0.020439 0.140859
3 0.515757 0.556758 0.010205 0.178047
1 0.501709 0.759062 0.025195 0.286094
2 0.502236 0.550625 0.012227 0.149219
1 0.994141 0.845586 0.011719 0.308828
1 0.016475 0.553359 0.007832 0.064688
