1 0.536001 0.637891 0.010166 0.089844
1 0.527471 0.603164 0.011270 0.079609
1 0.500015 0.598828 0.014561 0.087656
7 0.471123 0.624727 0.005469 0.156172
7 0.581055 0.760039 0.010391 0.396641
1 0.659980 0.575156 0.014395 0.080000
1 0.707632 0.554414 0.012002 0.088516
7 0.645850 0.582031 0.003770 0.085625
8 0.546709 0.624648 0.004609 0.111016
1 0.574849 0.602695 0.015361 0.105547
7 0.580024 0.614102 0.004248 0.111953
1 0.595615 0.598477 0.017793 0.073516
7 0.074819 0.725977 0.005342 0.199141
1 0.626421 0.588125 0.013760 0.088437
