1 0.464961 0.544375 0.016270 0.105937
1 0.449346 0.603164 0.023359 0.141016
1 0.406719 0.589023 0.010508 0.087734
1 0.508691 0.517383 0.012695 0.075859
7 0.270962 0.826406 0.006709 0.287813
1 0.501401 0.863633 0.058857 0.272734
1 0.480674 0.755508 0.025039 0.265234
1 0.376499 0.608945 0.013721 0.097891
1 0.016772 0.800508 0.033545 0.398984
7 0.224097 0.653984 0.002217 0.075781
7 0.232524 0.656406 0.001963 0.069531
1 0.420186 0.569609 0.016562 0.118281
7 0.113345 0.553594 0.002354 0.064844
1 0.988726 0.800234 0.022549 0.399531
