1 0.043564 0.629453 0.014316 0.124219
1 0.018335 0.560156 0.011494 0.081875
1 0.006948 0.526367 0.007217 0.057422
3 0.146343 0.655547 0.133896 0.510625
1 0.993750 0.809805 0.012500 0.380391
3 0.432666 0.657891 0.009473 0.328281
1 0.907056 0.485156 0.015596 0.091406
1 0.458701 0.853594 0.037402 0.255625
1 0.015151 0.795117 0.029893 0.369297
1 0.063027 0.679414 0.023125 0.218516
1 0.115308 0.807461 0.062217 0.359297
7 0.751689 0.723398 0.015723 0.543047
2 0.347959 0.573828 0.159062 0.850781
1 0.505059 0.778516 0.039316 0.442969
1 0.477754 0.783750 0.015586 0.138750
