1 0.407383 0.701992 0.028008 0.167891
1 0.434243 0.773867 0.027432 0.285078
1 0.369658 0.695469 0.012949 0.111563
2 0.028076 0.547813 0.031738 0.223750
7 0.015820 0.600508 0.004199 0.118203
7 0.478550 0.606367 0.003701 0.135547
7 0.493540 0.574375 0.002939 0.068906
7 0.739834 0.490742 0.003027 0.106797
1 0.994180 0.597500 0.010293 0.109688
7 0.977383 0.563086 0.002148 0.094766
7 0.958438 0.549297 0.002148 0.078125
8 0.973960 0.582305 0.004033 0.095234
5 0.974067 0.624648 0.004170 0.087422
1 0.573057 0.607852 0.040020 0.275078
7 0.595264 0.774687 0.012246 0.425625
7 0.641646 0.751211 0.015947 0.510703
7 0.946152 0.571758 0.004746 0.140234
7 0.059390 0.638125 0.006338 0.200625
7 0.024785 0.612539 0.004922 0.162422
7 0.400825 0.708945 0.005850 0.239609
5 0.376255 0.733672 0.007842 0.081875
8 0.375850 0.689414 0.005898 0.152266
7 0.486992 0.593906 0.002715 0.103594
7 0.753516 0.463711 0.002559 0.083672
5 0.838853 0.454453 0.003623 0.063906
8 0.839365 0.420273 0.003379 0.094609
