1 0.028589 0.737266 0.030752 0.310156
1 0.103110 0.623594 0.015322 0.151094
1 0.121294 0.636953 0.019971 0.154062
1 0.142246 0.672695 0.023164 0.183359
1 0.166528 0.672148 0.024346 0.200547
1 0.191929 0.723242 0.025713 0.218672
1 0.215425 0.740820 0.020225 0.199297
1 0.238560 0.658320 0.011943 0.103672
1 0.004771 0.501328 0.007959 0.094062
1 0.502651 0.826602 0.033799 0.332891
1 0.459321 0.726758 0.033447 0.348203
1 0.376514 0.661875 0.020742 0.128594
7 0.580415 0.697422 0.008018 0.288906
1 0.605718 0.508320 0.018057 0.097422
7 0.587373 0.524727 0.003359 0.090703
7 0.384893 0.665586 0.004102 0.156953
7 0.604556 0.512227 0.003271 0.067266
1 0.186582 0.587187 0.008750 0.076406
8 0.807422 0.128203 0.010508 0.130937
3 0.983970 0.468242 0.008271 0.101953
1 0.475591 0.585039 0.009229 0.043984
