1 0.034741 0.588203 0.011045 0.100781
1 0.329966 0.647539 0.021748 0.120859
3 0.283618 0.588359 0.045439 0.152813
1 0.107090 0.792852 0.079395 0.356172
7 0.141577 0.773086 0.008389 0.333047
7 0.627090 0.471328 0.002734 0.036719
7 0.991387 0.472539 0.002188 0.040859
7 0.998120 0.472930 0.003643 0.044766
3 0.656816 0.435156 0.022617 0.129688
1 0.663286 0.482266 0.017256 0.101094
1 0.444790 0.573633 0.029521 0.154766
1 0.383418 0.652813 0.024961 0.136875
1 0.990332 0.566250 0.018555 0.173437
1 0.381270 0.613828 0.025430 0.148594
3 0.458828 0.534648 0.051113 0.190078
7 0.955713 0.713672 0.009336 0.313594
7 0.913408 0.750547 0.017246 0.498906
1 0.486753 0.860820 0.040928 0.274766
3 0.616641 0.490313 0.035254 0.182344
