1 0.505640 0.594102 0.009736 0.077422
1 0.398892 0.759805 0.032783 0.228984
1 0.128564 0.715352 0.029375 0.172422
1 0.211367 0.797969 0.045352 0.222500
7 0.276084 0.782070 0.008262 0.239141
7 0.567563 0.685156 0.012998 0.272344
1 0.006978 0.588555 0.013623 0.172422
1 0.488032 0.631289 0.009971 0.106641
1 0.057954 0.787695 0.039814 0.349609
1 0.026992 0.610937 0.013848 0.124375
1 0.505630 0.746445 0.024795 0.275547
2 0.072192 0.562773 0.021143 0.227109
1 0.469521 0.763164 0.025430 0.232422
1 0.380312 0.861875 0.099766 0.241875
