1 0.710874 0.673906 0.009990 0.091094
1 0.404102 0.819141 0.021094 0.197656
7 0.559678 0.807422 0.018125 0.384375
7 0.967666 0.507188 0.005879 0.149531
8 0.585850 0.639766 0.006816 0.176719
5 0.586182 0.703633 0.007129 0.142734
1 0.735635 0.794570 0.013125 0.139297
1 0.753760 0.604805 0.005566 0.051484
1 0.523804 0.647266 0.010693 0.074219
1 0.718584 0.635234 0.007227 0.057969
1 0.726221 0.635898 0.006641 0.064766
1 0.733359 0.629805 0.005508 0.061484
1 0.741602 0.631758 0.007051 0.057422
1 0.748340 0.632500 0.005645 0.057031
1 0.324707 0.688320 0.122852 0.623359
1 0.772983 0.769102 0.017998 0.198203
3 0.006201 0.466406 0.007129 0.101562
7 0.947354 0.563242 0.007988 0.306641
7 0.953643 0.528359 0.006660 0.236875
