1 0.271455 0.712422 0.015234 0.169531
1 0.140679 0.575586 0.010127 0.075703
1 0.259609 0.632031 0.005781 0.048438
1 0.356030 0.712656 0.041260 0.200313
1 0.693203 0.625312 0.018477 0.086875
1 0.743726 0.637930 0.008252 0.049297
1 0.752871 0.632969 0.006699 0.050000
7 0.347998 0.611328 0.004395 0.127344
1 0.854019 0.642383 0.011357 0.106641
7 0.915630 0.565781 0.005322 0.176094
1 0.844092 0.686328 0.019043 0.094531
1 0.786357 0.656641 0.008848 0.076406
1 0.777129 0.659492 0.020547 0.128516
1 0.541006 0.599805 0.013809 0.123047
