1 0.247822 0.650195 0.014453 0.117891
7 0.403013 0.702813 0.006240 0.146563
1 0.360244 0.863984 0.088281 0.237031
1 0.073511 0.611758 0.023584 0.159609
7 0.129692 0.666250 0.006279 0.208281
7 0.421719 0.672422 0.005957 0.137031
7 0.952524 0.698203 0.013896 0.414219
5 0.955859 0.765547 0.021172 0.245312
1 0.746255 0.475313 0.016924 0.097188
1 0.005493 0.570430 0.010342 0.122266
1 0.488745 0.635430 0.010928 0.105703
1 0.047378 0.736133 0.028115 0.270859
1 0.021851 0.582187 0.010244 0.089063
1 0.505698 0.722422 0.019189 0.219219
1 0.467529 0.774023 0.025430 0.232422
