7 0.921914 0.740117 0.009707 0.346484
7 0.387451 0.594531 0.007129 0.215625
7 0.664844 0.515781 0.002148 0.085625
1 0.657471 0.492422 0.003027 0.056250
1 0.640229 0.456094 0.007021 0.049219
1 0.844028 0.655898 0.006240 0.059453
1 0.966084 0.600195 0.016758 0.106172
7 0.915840 0.698594 0.002109 0.178125
7 0.993311 0.668750 0.002324 0.101250
8 0.596377 0.471484 0.005684 0.078906
7 0.533613 0.511523 0.003262 0.168516
7 0.537319 0.495547 0.003408 0.176563
5 0.919785 0.839844 0.007539 0.176562
1 0.490244 0.433359 0.006074 0.058125
1 0.373906 0.618398 0.020605 0.114922
1 0.399395 0.623125 0.019629 0.110156
1 0.421025 0.579375 0.012695 0.052344
