1 0.506763 0.672461 0.014775 0.135859
1 0.006606 0.597422 0.013213 0.243125
2 0.035688 0.468047 0.025498 0.257656
1 0.048247 0.723047 0.033193 0.328906
1 0.122998 0.790938 0.069824 0.416563
7 0.115229 0.640859 0.005869 0.124531
1 0.280762 0.705078 0.012363 0.144844
1 0.281064 0.681484 0.005840 0.105156
1 0.360435 0.883633 0.067412 0.232734
1 0.456245 0.732187 0.020166 0.200781
1 0.303901 0.660508 0.012764 0.124766
1 0.314712 0.707461 0.014541 0.117109
1 0.332012 0.734727 0.023477 0.220391
7 0.314502 0.717695 0.005371 0.147891
7 0.448169 0.654570 0.004854 0.126328
1 0.636416 0.489180 0.018359 0.113047
1 0.661973 0.470859 0.016328 0.072813
