1 0.991509 0.548750 0.015264 0.170625
7 0.463052 0.788672 0.018350 0.422656
8 0.608057 0.522539 0.006504 0.138359
7 0.591450 0.625273 0.008936 0.273203
1 0.002026 0.655352 0.004053 0.211953
1 0.005400 0.610000 0.010801 0.146250
1 0.445742 0.733828 0.027617 0.272500
1 0.804956 0.814375 0.141631 0.371250
7 0.910591 0.610078 0.012666 0.434687
1 0.921519 0.791719 0.073115 0.415000
8 0.958843 0.641523 0.010635 0.293203
1 0.990288 0.623320 0.019424 0.310391
1 0.458853 0.595234 0.015068 0.178906
1 0.470698 0.609883 0.013232 0.079297
1 0.472769 0.614883 0.012021 0.076953
