7 0.466128 0.637383 0.005244 0.115859
7 0.453999 0.640977 0.004697 0.162109
1 0.849810 0.614258 0.045146 0.259766
1 0.013608 0.798438 0.027217 0.403125
7 0.095190 0.679414 0.007803 0.275078
1 0.025630 0.635234 0.014678 0.150781
3 0.532720 0.578086 0.032178 0.412266
3 0.502593 0.524180 0.013936 0.151953
1 0.503262 0.738828 0.025078 0.280156
1 0.888057 0.829883 0.105664 0.340234
7 0.908340 0.610000 0.009297 0.148750
1 0.917266 0.566719 0.021523 0.192031
3 0.991475 0.507070 0.011406 0.213672
7 0.926641 0.610820 0.009512 0.159766
