1 0.022656 0.793320 0.034863 0.411172
3 0.463740 0.542617 0.092500 0.395547
1 0.337031 0.668086 0.020723 0.120391
1 0.314102 0.626211 0.018770 0.117734
1 0.044277 0.561055 0.008633 0.095859
7 0.605947 0.683242 0.011680 0.356484
7 0.119526 0.668867 0.006025 0.232266
7 0.990293 0.472070 0.002187 0.041016
7 0.998120 0.472930 0.003643 0.044766
3 0.654868 0.414531 0.033857 0.211094
1 0.569814 0.519023 0.021270 0.178828
1 0.357427 0.627070 0.021748 0.138828
2 0.249297 0.594297 0.010313 0.126563
1 0.989976 0.571641 0.019072 0.168281
7 0.970259 0.629102 0.008096 0.258203
7 0.935107 0.728203 0.015234 0.473281
1 0.486753 0.860820 0.040928 0.274766
3 0.615557 0.492812 0.035254 0.182344
