1 0.923877 0.437578 0.019238 0.137344
3 0.444912 0.614023 0.038496 0.332734
1 0.260576 0.806016 0.075039 0.395937
3 0.236631 0.615625 0.152520 0.661250
1 0.992231 0.507422 0.015537 0.144375
1 0.485518 0.623633 0.011953 0.110859
1 0.015732 0.602969 0.026855 0.234531
1 0.952539 0.524844 0.025176 0.145469
1 0.469370 0.780000 0.033525 0.288125
1 0.094653 0.832695 0.069502 0.320547
3 0.092886 0.566875 0.093975 0.552500
7 0.040635 0.488789 0.004922 0.100547
7 0.038267 0.480273 0.003975 0.103516
7 0.033320 0.488672 0.004746 0.101562
7 0.910908 0.716523 0.024551 0.526172
