7 0.743579 0.447812 0.005869 0.189687
7 0.965474 0.620156 0.006143 0.216250
1 0.344214 0.807344 0.127920 0.385000
7 0.623105 0.770703 0.015352 0.458594
7 0.972168 0.592187 0.004043 0.172344
1 0.116587 0.824727 0.080205 0.350547
1 0.020371 0.819648 0.040703 0.359609
1 0.055498 0.786094 0.040684 0.422969
1 0.013154 0.599727 0.025195 0.080547
7 0.235278 0.696602 0.006689 0.191484
7 0.516030 0.571328 0.002646 0.058594
7 0.651816 0.452656 0.006348 0.210781
7 0.673628 0.403438 0.003584 0.110625
5 0.676172 0.450273 0.013848 0.081641
