2 0.053574 0.591953 0.056328 0.724219
1 0.432031 0.852422 0.061328 0.295156
1 0.474824 0.762617 0.022617 0.192422
1 0.487119 0.662031 0.009102 0.076562
7 0.243110 0.806094 0.012041 0.381719
7 0.100317 0.673008 0.007627 0.241797
1 0.012222 0.795312 0.024033 0.399375
1 0.984609 0.601211 0.019434 0.213516
3 0.754390 0.501680 0.392471 0.996641
1 0.521548 0.664766 0.016045 0.124531
3 0.512910 0.556563 0.009219 0.162500
1 0.502349 0.751445 0.023799 0.233047
2 0.502246 0.558594 0.011328 0.145312
1 0.994141 0.845586 0.011719 0.308828
