5 0.615303 0.672227 0.011387 0.177422
5 0.604336 0.655391 0.009141 0.146250
6 0.662695 0.773828 0.012500 0.399219
6 0.621465 0.756797 0.011602 0.360469
1 0.914160 0.483164 0.019336 0.106328
1 0.948101 0.480859 0.013369 0.082812
1 0.958047 0.497422 0.009102 0.073906
1 0.931650 0.459102 0.016094 0.121172
5 0.828564 0.744375 0.015918 0.386250
5 0.809063 0.742695 0.014082 0.353359
7 0.001460 0.539023 0.002646 0.126484
5 0.591079 0.625039 0.016572 0.146953
6 0.656348 0.705313 0.010156 0.350313
6 0.651084 0.755820 0.009277 0.344297
6 0.633384 0.764102 0.010186 0.360859
6 0.602603 0.729961 0.017705 0.250234
1 0.949023 0.473008 0.011914 0.082109
1 0.932041 0.460742 0.015957 0.131953
5 0.828643 0.722656 0.016738 0.359375
5 0.818843 0.737891 0.012080 0.380625
