1 0.967925 0.630352 0.030947 0.238672
1 0.955864 0.621719 0.034600 0.246563
7 0.076948 0.660156 0.008916 0.260312
7 0.114692 0.693398 0.007041 0.252422
7 0.122876 0.701211 0.008174 0.262266
7 0.341709 0.678359 0.007637 0.254063
7 0.762725 0.758672 0.013281 0.473437
7 0.349346 0.653633 0.008047 0.257891
5 0.969409 0.713242 0.014424 0.184141
7 0.919639 0.656328 0.011113 0.279531
7 0.985439 0.633125 0.008789 0.253750
7 0.915156 0.669375 0.011602 0.265781
7 0.896958 0.672031 0.010967 0.278438
8 0.885093 0.656055 0.008330 0.222266
8 0.873271 0.616641 0.014219 0.215000
7 0.852637 0.627539 0.006328 0.169141
7 0.842495 0.626953 0.006162 0.188125
7 0.752017 0.698086 0.008447 0.306953
1 0.450718 0.710273 0.018916 0.191953
7 0.954878 0.641367 0.007939 0.230391
