1 0.365762 0.847187 0.071348 0.290469
1 0.013477 0.557617 0.010176 0.083828
1 0.502173 0.632031 0.012783 0.121719
1 0.470254 0.700820 0.030059 0.246641
1 0.299829 0.824844 0.064307 0.335469
1 0.873311 0.487812 0.020000 0.106406
1 0.057544 0.676055 0.021768 0.203672
1 0.023398 0.613789 0.016426 0.146797
1 0.443325 0.821758 0.041924 0.339141
1 0.204082 0.791367 0.148008 0.423672
1 0.857437 0.451250 0.017295 0.101250
2 0.842671 0.418125 0.021240 0.129375
1 0.498887 0.865625 0.041855 0.268750
2 0.012876 0.484727 0.008955 0.127734
1 0.005767 0.524727 0.006924 0.049922
