7 0.900181 0.455078 0.002959 0.078438
3 0.467222 0.577187 0.084072 0.418750
7 0.116465 0.639961 0.005254 0.095391
8 0.093809 0.633594 0.010293 0.126719
2 0.739014 0.389453 0.005977 0.082969
7 0.884111 0.450703 0.005566 0.121094
8 0.909482 0.447305 0.005273 0.109766
7 0.497915 0.701289 0.008369 0.251016
8 0.545210 0.789062 0.017217 0.421875
1 0.512012 0.837500 0.041602 0.325000
1 0.734819 0.445508 0.007354 0.058828
7 0.715308 0.539102 0.005537 0.185391
1 0.672310 0.529844 0.018213 0.114844
1 0.638472 0.560781 0.024990 0.176094
1 0.609048 0.582383 0.030127 0.194453
1 0.554951 0.640781 0.032695 0.176406
7 0.750508 0.429023 0.003203 0.072891
1 0.056152 0.818281 0.059805 0.336406
1 0.048354 0.610234 0.017979 0.057031
