7 0.402344 0.461328 0.003320 0.100781
7 0.114551 0.510703 0.005195 0.141719
7 0.086025 0.514375 0.003340 0.106875
7 0.085601 0.493281 0.003213 0.095312
7 0.089951 0.496797 0.002734 0.094531
7 0.063657 0.495742 0.002764 0.060703
1 0.343657 0.394062 0.007236 0.040625
5 0.593862 0.776563 0.009971 0.076562
7 0.594185 0.715508 0.007744 0.193828
7 0.609878 0.134297 0.003330 0.061719
1 0.259326 0.773516 0.093848 0.451406
1 0.194478 0.826172 0.126455 0.346094
1 0.084180 0.773828 0.071055 0.452344
1 0.046772 0.690898 0.039854 0.415078
