7 0.453193 0.671055 0.005000 0.162891
1 0.014595 0.795625 0.028994 0.413750
1 0.372412 0.697812 0.027051 0.155937
1 0.988560 0.595352 0.014619 0.186797
3 0.928389 0.500195 0.108770 0.999609
1 0.561069 0.825430 0.049424 0.318984
3 0.524160 0.574062 0.019727 0.316094
1 0.500562 0.776445 0.025400 0.289297
2 0.501982 0.557695 0.014355 0.160078
1 0.992856 0.845586 0.014287 0.308828
1 0.366353 0.919922 0.056201 0.160156
1 0.586665 0.572109 0.008408 0.131250
1 0.482715 0.667891 0.012109 0.127969
1 0.029033 0.613281 0.013809 0.125625
1 0.348730 0.674687 0.017578 0.152500
