1 0.598931 0.642695 0.018564 0.116172
1 0.502134 0.625820 0.023584 0.152734
1 0.447607 0.566289 0.023301 0.150703
7 0.885337 0.844180 0.006221 0.268828
1 0.591230 0.656172 0.021270 0.139688
1 0.485815 0.553398 0.019893 0.134922
3 0.379292 0.446758 0.068955 0.300234
8 0.776479 0.085742 0.010908 0.171484
8 0.727539 0.104219 0.002852 0.172500
6 0.777358 0.121250 0.013408 0.089531
7 0.595640 0.175586 0.004795 0.056172
1 0.042783 0.713203 0.032949 0.298594
1 0.018047 0.595547 0.010586 0.084844
1 0.331309 0.424023 0.013105 0.097266
1 0.012646 0.560352 0.006758 0.047891
1 0.276514 0.884766 0.121191 0.230469
1 0.101318 0.804648 0.086816 0.387422
7 0.522939 0.807461 0.017520 0.402266
7 0.893994 0.759297 0.013184 0.474844
3 0.141343 0.501953 0.191279 0.992969
