1 0.649268 0.509883 0.010645 0.068047
1 0.484600 0.795078 0.051543 0.409844
2 0.408623 0.424609 0.039434 0.228281
1 0.533506 0.542891 0.022344 0.116406
1 0.347832 0.562031 0.021289 0.127656
1 0.301216 0.546797 0.014482 0.079688
1 0.320718 0.548828 0.019326 0.099219
3 0.273491 0.511758 0.029326 0.135391
1 0.276235 0.538555 0.013115 0.080391
7 0.645972 0.568945 0.005830 0.111953
7 0.657690 0.553008 0.006104 0.102422
8 0.632617 0.519922 0.005469 0.053125
7 0.997119 0.574219 0.005371 0.179688
7 0.566963 0.518359 0.003906 0.071875
7 0.458477 0.528281 0.005078 0.120312
7 0.465635 0.527656 0.005664 0.117188
7 0.471572 0.524375 0.004102 0.114844
7 0.474980 0.522266 0.003027 0.112500
7 0.487705 0.526719 0.005859 0.116406
7 0.448916 0.523594 0.005664 0.114062
