7 0.894141 0.443789 0.002949 0.078359
3 0.406011 0.597500 0.032764 0.303281
7 0.100342 0.632461 0.005273 0.106953
8 0.114897 0.635898 0.005752 0.115859
7 0.889043 0.462539 0.005566 0.121172
8 0.917305 0.458672 0.005273 0.118750
3 0.743188 0.387148 0.007334 0.075547
7 0.525894 0.661797 0.011338 0.201562
8 0.545210 0.789062 0.017217 0.421875
1 0.512012 0.837500 0.041602 0.325000
1 0.728872 0.459570 0.008877 0.078672
7 0.707749 0.551016 0.007373 0.202187
1 0.674707 0.526719 0.017285 0.114844
1 0.637583 0.563242 0.024639 0.171172
1 0.608931 0.578984 0.030361 0.201250
1 0.562041 0.634531 0.027891 0.173437
7 0.750508 0.429023 0.003203 0.072891
1 0.187505 0.905078 0.079990 0.191875
7 0.393120 0.683594 0.005244 0.160469
1 0.054883 0.618359 0.017988 0.094531
