1 0.203423 0.686055 0.027627 0.142734
1 0.995898 0.678008 0.008203 0.212578
2 0.025220 0.498008 0.013545 0.180234
7 0.830918 0.753398 0.014375 0.487422
1 0.477227 0.596406 0.010078 0.110000
7 0.584863 0.695156 0.005254 0.310156
7 0.576113 0.707031 0.005352 0.306250
7 0.544604 0.613164 0.002432 0.150703
7 0.541021 0.610000 0.002432 0.153906
7 0.407788 0.646641 0.004463 0.125625
7 0.398672 0.672031 0.004453 0.115000
1 0.738174 0.372930 0.014922 0.069766
1 0.005190 0.680898 0.009404 0.232734
1 0.371685 0.786328 0.071885 0.433125
1 0.065244 0.740039 0.047422 0.372578
1 0.461113 0.630078 0.013770 0.177969
