1 0.014355 0.581914 0.011348 0.166328
1 0.062803 0.791719 0.051289 0.416562
1 0.025010 0.658477 0.016387 0.197109
1 0.152061 0.900078 0.084102 0.199844
1 0.501348 0.602852 0.009648 0.091641
1 0.444556 0.819141 0.046729 0.350781
1 0.374634 0.893633 0.077295 0.212734
1 0.488232 0.625547 0.009648 0.083281
1 0.470459 0.703711 0.019512 0.215859
7 0.987720 0.553320 0.003428 0.107266
1 0.574868 0.503086 0.019365 0.124453
1 0.597056 0.505352 0.020908 0.139766
1 0.611206 0.494414 0.018037 0.131641
1 0.629985 0.609141 0.041338 0.241563
2 0.010195 0.500547 0.013262 0.275469
3 0.882964 0.500000 0.195127 1.000000
