1 0.002812 0.548008 0.005645 0.117266
1 0.516362 0.528398 0.004033 0.044766
1 0.085225 0.575156 0.019980 0.106406
1 0.518008 0.513594 0.007266 0.054375
1 0.499468 0.540156 0.004600 0.032656
1 0.623218 0.525078 0.015264 0.118438
1 0.049575 0.736836 0.047549 0.417578
1 0.509785 0.578437 0.009824 0.090469
7 0.445078 0.739375 0.011211 0.318125
7 0.419678 0.740234 0.012207 0.308594
7 0.382646 0.737969 0.007090 0.249063
7 0.587666 0.559727 0.007090 0.150703
1 0.106147 0.833125 0.086611 0.333594
7 0.562202 0.459609 0.003213 0.103594
7 0.558677 0.458594 0.002920 0.105000
2 0.510806 0.499961 0.006729 0.087578
1 0.164268 0.652031 0.019316 0.121250
1 0.180854 0.615820 0.011338 0.083984
1 0.142231 0.596172 0.021436 0.114531
1 0.117729 0.614492 0.023936 0.077578
1 0.103179 0.582266 0.017217 0.101094
1 0.323105 0.895586 0.122910 0.206484
1 0.996748 0.547031 0.006504 0.116094
2 0.494810 0.526055 0.006182 0.080703
