1 0.542222 0.639570 0.010166 0.098984
1 0.530947 0.606094 0.013887 0.086875
1 0.510884 0.599453 0.013994 0.086719
7 0.478882 0.618008 0.005459 0.148047
7 0.580220 0.750508 0.010205 0.326016
1 0.667744 0.590000 0.014395 0.080000
1 0.711714 0.565898 0.012881 0.090391
7 0.650591 0.597852 0.003564 0.084609
8 0.551802 0.627461 0.003994 0.107109
1 0.570898 0.604375 0.013828 0.106875
7 0.587964 0.622227 0.004248 0.106953
1 0.570264 0.618516 0.015117 0.088281
1 0.601943 0.613828 0.017793 0.078750
7 0.086450 0.719648 0.005342 0.206797
1 0.632847 0.599766 0.013994 0.093281
