1 0.426563 0.610430 0.021504 0.117422
1 0.990176 0.568672 0.018652 0.177656
1 0.371001 0.624492 0.023369 0.117422
1 0.337915 0.623047 0.017979 0.128281
1 0.476333 0.561445 0.019873 0.127422
3 0.488765 0.521289 0.040049 0.187109
7 0.209512 0.815039 0.009570 0.352109
7 0.879165 0.788984 0.015693 0.428281
7 0.719873 0.757422 0.006934 0.480469
1 0.510161 0.603789 0.015381 0.130703
1 0.486753 0.860820 0.040928 0.274766
7 0.428638 0.610586 0.023740 0.122891
1 0.314248 0.684766 0.018457 0.130781
2 0.308252 0.618359 0.013965 0.128906
1 0.321338 0.628516 0.012598 0.121094
3 0.616382 0.494492 0.040088 0.191328
1 0.279648 0.629062 0.007617 0.058594
1 0.284482 0.625703 0.005762 0.057031
7 0.452632 0.572930 0.003350 0.107734
7 0.613076 0.563945 0.005176 0.151016
