7 0.355615 0.587109 0.005566 0.174219
7 0.653848 0.515234 0.004785 0.107812
1 0.964756 0.601211 0.017891 0.108359
7 0.998623 0.593516 0.001875 0.101250
7 0.017554 0.558125 0.001904 0.047500
7 0.939912 0.680664 0.004941 0.213359
8 0.555474 0.463750 0.009170 0.178750
7 0.534521 0.505117 0.002969 0.164922
7 0.539702 0.489688 0.004404 0.176563
5 0.879814 0.913906 0.025137 0.170625
7 0.879297 0.741094 0.019648 0.274375
1 0.490244 0.433359 0.006074 0.058125
1 0.373906 0.618398 0.020605 0.114922
1 0.399395 0.623125 0.019629 0.110156
1 0.421025 0.579375 0.012695 0.052344
