1 0.505884 0.595703 0.008916 0.075156
1 0.198574 0.834062 0.059180 0.331719
1 0.033677 0.578633 0.013818 0.108359
1 0.072471 0.594258 0.011309 0.085078
1 0.288921 0.687383 0.013838 0.104297
7 0.428960 0.688398 0.005771 0.139609
1 0.388730 0.858359 0.088281 0.237031
1 0.113955 0.633086 0.024199 0.178672
7 0.209053 0.740273 0.008262 0.239141
7 0.441387 0.666406 0.007051 0.136094
7 0.688242 0.750938 0.024609 0.439219
1 0.005972 0.573828 0.011592 0.146719
1 0.488726 0.638281 0.011064 0.110781
1 0.053574 0.743867 0.032070 0.299141
1 0.024243 0.589648 0.011826 0.096328
1 0.506455 0.736680 0.021738 0.238359
1 0.469087 0.768633 0.025439 0.232422
