1 0.387158 0.763477 0.038574 0.267578
1 0.693354 0.605938 0.011338 0.079531
7 0.143325 0.745430 0.010283 0.295859
1 0.764839 0.617656 0.008760 0.065000
1 0.820078 0.722539 0.021973 0.160547
7 0.632788 0.621836 0.007705 0.261797
1 0.791763 0.772188 0.018877 0.148906
1 0.748125 0.669258 0.011270 0.096797
1 0.736831 0.678555 0.011006 0.083047
1 0.757520 0.625039 0.007578 0.047891
1 0.749541 0.618984 0.007949 0.042969
1 0.739766 0.577422 0.007266 0.046094
1 0.535381 0.658828 0.021621 0.220781
1 0.548716 0.606445 0.014678 0.103516
