1 0.382480 0.730977 0.027617 0.238516
1 0.694087 0.596250 0.011865 0.082969
7 0.172329 0.779648 0.009209 0.324297
1 0.765664 0.616914 0.008809 0.059609
1 0.818892 0.732578 0.020889 0.157813
7 0.622407 0.610664 0.007002 0.230078
1 0.787378 0.778711 0.018857 0.149766
1 0.747124 0.668320 0.010967 0.091797
1 0.736187 0.676250 0.009600 0.084062
1 0.757920 0.626445 0.008027 0.051328
1 0.749888 0.616406 0.007939 0.042969
1 0.742666 0.615938 0.007500 0.046094
1 0.533643 0.667500 0.021582 0.244375
1 0.543877 0.595313 0.017773 0.117969
