1 0.559697 0.591992 0.017305 0.110547
1 0.596470 0.615156 0.016729 0.102656
7 0.268716 0.540391 0.006963 0.200000
7 0.218110 0.549180 0.008135 0.230078
7 0.104673 0.523789 0.002432 0.130391
7 0.116167 0.526172 0.004053 0.151094
7 0.076138 0.525234 0.002451 0.088594
7 0.089907 0.517422 0.001338 0.105469
7 0.092373 0.520391 0.002520 0.105156
7 0.088691 0.514766 0.001660 0.100469
1 0.007539 0.636484 0.013574 0.113906
1 0.023267 0.597891 0.014775 0.114219
1 0.517144 0.566836 0.019150 0.123672
1 0.388433 0.470508 0.016377 0.103828
8 0.356602 0.511836 0.006055 0.116641
5 0.357007 0.611055 0.012705 0.113828
1 0.045010 0.724102 0.028711 0.255703
1 0.040381 0.536602 0.009082 0.065547
