1 0.010815 0.515508 0.011221 0.101016
1 0.279736 0.791211 0.112051 0.394453
1 0.005830 0.532578 0.010664 0.102500
1 0.489370 0.632891 0.010947 0.097656
1 0.477339 0.686836 0.015264 0.147734
2 0.030806 0.469922 0.028232 0.460156
1 0.703115 0.423398 0.011777 0.128828
7 0.914199 0.759688 0.013398 0.428125
7 0.979443 0.566406 0.006348 0.159375
7 0.550352 0.703125 0.007109 0.182813
7 0.535869 0.653867 0.004238 0.152422
8 0.432568 0.722734 0.008301 0.201094
1 0.061982 0.563906 0.013145 0.091406
1 0.072603 0.582656 0.010303 0.083281
1 0.092627 0.585703 0.017285 0.154688
1 0.102920 0.625117 0.015684 0.136484
1 0.134438 0.657695 0.021455 0.165391
1 0.156860 0.679844 0.022666 0.156563
