1 0.502383 0.615000 0.012422 0.085313
1 0.433877 0.687031 0.016133 0.140781
7 0.379531 0.701406 0.005371 0.128281
8 0.976035 0.566289 0.005195 0.169141
1 0.495244 0.603594 0.008008 0.066406
1 0.007041 0.616016 0.013086 0.181094
1 0.483174 0.656445 0.012246 0.137109
1 0.080889 0.797773 0.054238 0.388828
1 0.033735 0.628516 0.015303 0.153750
1 0.501807 0.812109 0.031680 0.346875
1 0.116265 0.639180 0.024189 0.193828
2 0.331357 0.637109 0.055566 0.279375
1 0.202871 0.733281 0.041289 0.233750
1 0.464502 0.793789 0.030977 0.268359
1 0.330488 0.870547 0.099766 0.241875
