1 0.037622 0.623711 0.013525 0.106797
2 0.455820 0.599102 0.021738 0.316484
7 0.112949 0.723086 0.005195 0.220859
1 0.079956 0.759648 0.036670 0.247422
1 0.497051 0.577969 0.005273 0.057188
1 0.029448 0.564102 0.007432 0.077422
1 0.005884 0.654375 0.011865 0.216406
1 0.477368 0.670273 0.019912 0.207266
1 0.343013 0.875547 0.112373 0.262969
7 0.948574 0.602461 0.005977 0.288203
7 0.954004 0.605352 0.006641 0.308672
7 0.984263 0.508867 0.003311 0.083047
7 0.091777 0.665938 0.004785 0.150469
1 0.014648 0.576914 0.008203 0.085859
1 0.489292 0.610781 0.008154 0.107344
