1 0.026074 0.636133 0.016250 0.133203
1 0.098745 0.688516 0.028877 0.160469
1 0.438608 0.752969 0.025635 0.223281
1 0.459961 0.612422 0.009492 0.054375
1 0.502290 0.628711 0.011826 0.117578
1 0.473120 0.703750 0.019014 0.195781
1 0.034287 0.562188 0.009160 0.081719
1 0.873384 0.487344 0.019424 0.107500
1 0.065010 0.792578 0.053066 0.414844
1 0.452251 0.813750 0.042432 0.362812
1 0.334814 0.790742 0.168066 0.409609
1 0.857437 0.451250 0.017295 0.101250
2 0.842671 0.418125 0.021240 0.129375
1 0.498887 0.865625 0.041855 0.268750
2 0.016367 0.480625 0.014063 0.202344
1 0.005908 0.548477 0.009043 0.081016
