1 0.048442 0.590703 0.010322 0.082031
1 0.127632 0.764453 0.034756 0.263281
2 0.170112 0.609961 0.027158 0.217578
7 0.558989 0.640781 0.005674 0.174375
1 0.847739 0.437656 0.012627 0.096875
1 0.408516 0.688047 0.035977 0.325469
1 0.460117 0.642773 0.006758 0.084141
7 0.275986 0.761523 0.005039 0.255078
8 0.260303 0.751914 0.005273 0.218047
5 0.260386 0.814492 0.006709 0.128203
7 0.543257 0.613281 0.002842 0.120313
7 0.539624 0.603125 0.003271 0.098437
1 0.827598 0.429805 0.009648 0.087266
1 0.031631 0.646719 0.015937 0.199219
2 0.477402 0.585547 0.025098 0.408594
1 0.012979 0.548672 0.006289 0.052031
1 0.494746 0.612891 0.006152 0.058594
