8 0.043779 0.556758 0.008555 0.183047
1 0.538120 0.758438 0.041729 0.300156
1 0.584434 0.606914 0.018711 0.126016
5 0.044058 0.608984 0.010283 0.080625
1 0.533188 0.623320 0.012471 0.060703
1 0.553936 0.647773 0.014805 0.111953
1 0.922061 0.728008 0.044453 0.452266
1 0.615430 0.862539 0.089453 0.291172
2 0.466660 0.614609 0.022617 0.156094
7 0.629883 0.596094 0.006055 0.207812
7 0.637969 0.593633 0.006797 0.227891
1 0.359897 0.673984 0.011982 0.090781
1 0.223062 0.701602 0.016045 0.085703
1 0.352798 0.663672 0.010693 0.054688
1 0.344287 0.648750 0.006953 0.053594
1 0.340322 0.644688 0.006172 0.037031
7 0.943066 0.480977 0.007188 0.112578
1 0.273398 0.729180 0.015879 0.072109
