1 0.551431 0.526172 0.022354 0.140781
1 0.397524 0.642891 0.025146 0.147813
1 0.335352 0.613242 0.096523 0.328203
1 0.476611 0.564727 0.019473 0.122266
3 0.331055 0.599258 0.097266 0.320234
7 0.942280 0.663672 0.009834 0.351562
1 0.182476 0.862695 0.101045 0.274609
1 0.990142 0.572539 0.018779 0.163672
1 0.486528 0.825898 0.037627 0.346328
1 0.015566 0.625273 0.018301 0.145547
1 0.028008 0.801172 0.050684 0.371406
7 0.067915 0.548750 0.005459 0.152656
7 0.969395 0.623477 0.008262 0.265234
3 0.612788 0.469297 0.033193 0.188906
