1 0.492266 0.862852 0.034785 0.265703
1 0.496104 0.713984 0.026035 0.187969
1 0.547852 0.625234 0.024258 0.174375
1 0.579751 0.656016 0.020459 0.094375
1 0.608032 0.647383 0.018115 0.094297
1 0.631499 0.646602 0.015713 0.087266
1 0.039668 0.581445 0.009160 0.065234
1 0.058389 0.558867 0.009023 0.086016
1 0.130122 0.603711 0.023799 0.129297
8 0.030845 0.602227 0.005654 0.097734
7 0.086694 0.588867 0.005654 0.144141
8 0.340137 0.528125 0.006211 0.117812
8 0.485146 0.636211 0.007070 0.158359
7 0.477910 0.619844 0.004980 0.101406
7 0.480449 0.623477 0.004102 0.096953
