7 0.031182 0.503203 0.002344 0.051562
7 0.030601 0.518008 0.002588 0.065703
1 0.544668 0.645547 0.027910 0.151875
1 0.398198 0.503398 0.020244 0.124453
7 0.578574 0.223750 0.003398 0.037500
1 0.102183 0.805000 0.085068 0.387187
1 0.044448 0.724063 0.034014 0.312656
1 0.055596 0.587969 0.017012 0.215469
3 0.205811 0.519258 0.286426 0.960703
1 0.273550 0.895664 0.121260 0.208672
7 0.353945 0.476016 0.003398 0.105000
2 0.600586 0.552422 0.040234 0.284219
7 0.895894 0.189180 0.004795 0.132266
7 0.979834 0.626406 0.006191 0.201562
7 0.886768 0.846836 0.009258 0.285078
7 0.895820 0.756563 0.011133 0.486875
