1 0.428906 0.535586 0.027051 0.161172
1 0.571299 0.523555 0.024727 0.119453
1 0.320234 0.584883 0.023926 0.121641
7 0.643325 0.529492 0.004951 0.067891
8 0.628320 0.511016 0.003906 0.050000
1 0.485054 0.802734 0.054365 0.394531
2 0.408364 0.439023 0.042314 0.233672
1 0.298691 0.548047 0.018789 0.095938
1 0.279199 0.561055 0.011602 0.086172
1 0.289956 0.543711 0.009932 0.051484
1 0.300142 0.546250 0.013975 0.098125
3 0.273203 0.509961 0.023613 0.116328
1 0.265762 0.521094 0.013125 0.074688
7 0.653076 0.559258 0.005840 0.111953
7 0.658389 0.553008 0.006094 0.102422
7 0.013833 0.544180 0.003916 0.117734
7 0.593330 0.515859 0.003906 0.071875
7 0.459893 0.526484 0.005078 0.120313
7 0.466396 0.527109 0.005664 0.117188
7 0.471572 0.524375 0.004102 0.114844
7 0.475527 0.521641 0.003027 0.112500
7 0.489639 0.526719 0.005859 0.116406
7 0.450293 0.522578 0.005664 0.114062
