1 0.081670 0.598711 0.012383 0.071953
8 0.218037 0.768555 0.009746 0.351172
5 0.218081 0.858359 0.021670 0.215938
7 0.442466 0.652461 0.004189 0.139453
7 0.473745 0.608203 0.003467 0.093906
7 0.467368 0.617852 0.003662 0.098828
7 0.464941 0.627656 0.003867 0.115000
7 0.541792 0.614492 0.004385 0.144453
7 0.537969 0.613359 0.003457 0.135781
7 0.532339 0.606641 0.003877 0.124219
1 0.973062 0.727188 0.027314 0.276250
5 0.866533 0.654648 0.010371 0.150234
1 0.017915 0.803281 0.035830 0.393437
1 0.006621 0.567852 0.012461 0.096328
7 0.120742 0.708281 0.006543 0.268437
1 0.025620 0.629180 0.016221 0.146797
1 0.508994 0.839219 0.039395 0.321562
1 0.520986 0.620820 0.010117 0.082578
1 0.505239 0.651211 0.016377 0.125703
5 0.916445 0.611602 0.012168 0.129609
5 0.910166 0.612344 0.010547 0.110781
5 0.893257 0.626563 0.013701 0.142344
