1 0.086084 0.552812 0.019336 0.141562
1 0.101377 0.534727 0.013105 0.121172
1 0.143223 0.588906 0.010273 0.095313
7 0.397412 0.855391 0.011035 0.289219
7 0.557822 0.659922 0.005039 0.170469
7 0.458188 0.727227 0.005166 0.183359
7 0.894800 0.414453 0.002959 0.116406
7 0.902979 0.410937 0.003809 0.102344
1 0.387017 0.866406 0.007920 0.249219
7 0.465415 0.688672 0.004521 0.117500
3 0.228271 0.678828 0.054668 0.207656
7 0.129419 0.536797 0.002236 0.081250
7 0.547637 0.590742 0.002637 0.063359
7 0.552534 0.567656 0.002646 0.077187
1 0.289062 0.787734 0.011719 0.064531
1 0.143271 0.588164 0.012324 0.100234
1 0.521440 0.684609 0.012783 0.120469
