7 0.450962 0.697266 0.005049 0.146250
2 0.493052 0.542812 0.005713 0.119531
1 0.102280 0.858594 0.073506 0.282813
1 0.321782 0.650352 0.011924 0.146016
1 0.014756 0.798555 0.029102 0.409922
1 0.364370 0.702148 0.022568 0.147578
1 0.988330 0.595664 0.014902 0.188359
3 0.928999 0.500313 0.107197 0.999375
1 0.557822 0.817422 0.045371 0.316562
3 0.523691 0.570352 0.018789 0.308672
1 0.500356 0.774492 0.025400 0.289922
2 0.502241 0.557695 0.013838 0.160078
1 0.992959 0.845586 0.014082 0.308828
1 0.592168 0.571562 0.008555 0.133594
1 0.476582 0.712148 0.021406 0.194609
1 0.024570 0.596172 0.010547 0.114062
1 0.338647 0.674297 0.021436 0.167344
