1 0.478242 0.577266 0.008516 0.069687
1 0.478887 0.582773 0.006289 0.048359
7 0.462700 0.611992 0.004619 0.129609
7 0.575903 0.660000 0.006299 0.205000
7 0.068232 0.570742 0.005273 0.146484
8 0.960078 0.541328 0.009590 0.181094
7 0.645024 0.497422 0.003311 0.094844
7 0.660835 0.475703 0.003037 0.088125
7 0.958989 0.591133 0.008389 0.083828
5 0.819443 0.676641 0.016973 0.181094
5 0.789766 0.624023 0.013691 0.116797
8 0.940498 0.544219 0.008066 0.255625
5 0.827939 0.666445 0.017520 0.184766
5 0.819448 0.687812 0.017158 0.160000
6 0.940879 0.611445 0.007090 0.121797
7 0.917188 0.509766 0.004883 0.155469
8 0.760000 0.508867 0.003379 0.079609
1 0.499722 0.637773 0.012295 0.114141
1 0.011387 0.538242 0.010918 0.098359
