1 0.615293 0.508242 0.025684 0.144609
1 0.713906 0.439609 0.019102 0.116719
1 0.696362 0.553125 0.016748 0.243750
1 0.093115 0.816719 0.056172 0.378125
1 0.006406 0.640664 0.012637 0.155234
1 0.111865 0.679414 0.025879 0.177109
7 0.945317 0.643398 0.003701 0.183672
7 0.953628 0.623594 0.005244 0.220625
7 0.948809 0.592539 0.003145 0.187422
7 0.958257 0.576484 0.002236 0.152969
1 0.665688 0.582500 0.050107 0.300937
1 0.023940 0.614961 0.018857 0.176641
7 0.364653 0.667852 0.005693 0.129453
1 0.492520 0.578398 0.006484 0.069141
