1 0.501006 0.612109 0.012070 0.113125
1 0.978423 0.643008 0.015752 0.157109
1 0.543379 0.815273 0.026289 0.353672
1 0.519688 0.637578 0.011641 0.116562
1 0.017163 0.640586 0.016533 0.169922
1 0.952969 0.793125 0.039121 0.341875
1 0.037202 0.607461 0.014189 0.103203
1 0.522266 0.612930 0.012773 0.132266
1 0.966318 0.676602 0.024570 0.210859
1 0.529565 0.707461 0.016729 0.191641
3 0.038774 0.526836 0.013838 0.158984
1 0.967324 0.698633 0.027305 0.255078
1 0.009976 0.668203 0.020674 0.212344
3 0.121611 0.644570 0.149570 0.706172
