7 0.751533 0.398594 0.002461 0.083125
7 0.748667 0.371094 0.001924 0.056250
3 0.545801 0.566172 0.036426 0.134844
7 0.536328 0.604531 0.002871 0.096562
1 0.006055 0.650156 0.012148 0.199844
1 0.043882 0.639727 0.019854 0.218984
1 0.068359 0.751250 0.041406 0.376250
3 0.029424 0.539102 0.025098 0.368359
7 0.189878 0.780938 0.012803 0.425937
7 0.193647 0.862891 0.009561 0.253906
7 0.569854 0.676094 0.005449 0.227813
7 0.766113 0.512109 0.003750 0.110156
7 0.768994 0.563125 0.004961 0.159063
7 0.758442 0.457930 0.003682 0.091953
1 0.996997 0.647109 0.006006 0.215469
7 0.970249 0.605391 0.006533 0.157344
3 0.503657 0.560781 0.017100 0.247969
1 0.502256 0.790586 0.021348 0.296484
