1 0.518623 0.676445 0.015078 0.168984
1 0.615581 0.571055 0.024326 0.121797
1 0.517769 0.629922 0.016963 0.116406
7 0.713843 0.501719 0.004209 0.086250
7 0.280342 0.778477 0.016309 0.441797
7 0.930918 0.724961 0.011250 0.388828
1 0.643784 0.544102 0.016670 0.124141
1 0.694873 0.504766 0.007324 0.109219
7 0.655654 0.562461 0.005098 0.131172
8 0.534453 0.641797 0.005703 0.163281
1 0.673667 0.526289 0.016533 0.133047
1 0.460317 0.622383 0.016143 0.086016
1 0.467222 0.621484 0.007158 0.085156
7 0.509033 0.634961 0.004590 0.135547
7 0.558374 0.638164 0.007471 0.162734
1 0.551001 0.611641 0.020205 0.103437
1 0.582393 0.589727 0.019707 0.097422
7 0.007856 0.618984 0.004951 0.152344
1 0.614429 0.542578 0.010400 0.078906
