7 0.379854 0.584219 0.006250 0.162969
7 0.366299 0.596289 0.006172 0.168672
7 0.164546 0.549063 0.004365 0.162344
7 0.103345 0.564922 0.004365 0.167031
7 0.194829 0.570547 0.006396 0.226875
7 0.209009 0.521250 0.005752 0.176875
7 0.154160 0.560078 0.003418 0.150781
1 0.005659 0.613203 0.008467 0.084844
1 0.012002 0.582773 0.008457 0.069609
8 0.407134 0.540586 0.004600 0.065703
5 0.405664 0.607227 0.010801 0.070547
1 0.020454 0.651641 0.013330 0.115156
1 0.026533 0.538672 0.007480 0.069531
1 0.055562 0.566211 0.016084 0.127422
1 0.124292 0.661328 0.038232 0.223438
1 0.035400 0.537500 0.010547 0.095000
7 0.986431 0.586797 0.003838 0.117969
