7 0.393599 0.773359 0.007744 0.296719
2 0.464219 0.600703 0.042656 0.647031
7 0.318350 0.815859 0.013437 0.368281
1 0.488018 0.658906 0.007617 0.085000
1 0.047803 0.771523 0.035840 0.339766
1 0.012300 0.804922 0.024912 0.390000
1 0.206592 0.698984 0.020410 0.244844
1 0.985962 0.599219 0.017783 0.204375
3 0.819316 0.501172 0.303867 0.997656
1 0.527480 0.687578 0.022637 0.149062
3 0.516396 0.568516 0.011211 0.192812
1 0.500029 0.757305 0.025449 0.284922
2 0.501694 0.541562 0.012373 0.151094
1 0.994038 0.845586 0.011924 0.308828
1 0.019565 0.578984 0.010225 0.096094
