1 0.439551 0.719766 0.033848 0.243594
1 0.016680 0.575859 0.010918 0.081250
1 0.417241 0.726289 0.020732 0.173672
1 0.502124 0.630781 0.014248 0.122969
1 0.472139 0.701328 0.025254 0.228906
1 0.107393 0.731289 0.048086 0.272266
1 0.873555 0.485742 0.019336 0.106016
1 0.123286 0.816406 0.064541 0.367188
1 0.031333 0.664492 0.022490 0.192891
1 0.445981 0.809531 0.042295 0.364375
1 0.244756 0.789531 0.163711 0.405156
1 0.857437 0.451250 0.017295 0.101250
2 0.842671 0.418125 0.021240 0.129375
1 0.498887 0.865625 0.041855 0.268750
2 0.013442 0.483672 0.009443 0.129844
1 0.005767 0.531758 0.006924 0.049922
