1 0.086035 0.845703 0.082031 0.308594
1 0.434399 0.702187 0.035303 0.201875
2 0.074478 0.581523 0.028584 0.193672
7 0.002100 0.597891 0.004199 0.116719
1 0.015142 0.594453 0.016240 0.092187
1 0.575728 0.683945 0.044639 0.239609
7 0.516113 0.552266 0.002148 0.050000
7 0.484194 0.606875 0.003936 0.132500
7 0.742490 0.479531 0.003027 0.102344
7 0.961299 0.553711 0.002148 0.089922
7 0.970996 0.559180 0.002461 0.082578
8 0.977168 0.635859 0.007090 0.174687
5 0.977383 0.698711 0.006680 0.156641
1 0.545459 0.623359 0.042480 0.277500
7 0.658496 0.706523 0.011328 0.416641
7 0.543027 0.794063 0.014160 0.411563
7 0.939487 0.559297 0.003545 0.120625
7 0.043340 0.621797 0.005742 0.156563
7 0.015049 0.601992 0.004199 0.131328
7 0.398438 0.706836 0.005195 0.244297
7 0.483223 0.601680 0.002910 0.109141
7 0.753364 0.469062 0.003018 0.091250
5 0.846318 0.437500 0.004336 0.044219
8 0.846553 0.402695 0.002715 0.078359
