1 0.031133 0.584336 0.011172 0.123359
1 0.061948 0.702773 0.030127 0.183359
1 0.319092 0.901719 0.073770 0.237812
1 0.460356 0.708008 0.022119 0.194297
1 0.991182 0.540703 0.010996 0.093281
5 0.958833 0.591133 0.008232 0.105703
7 0.379570 0.700859 0.004590 0.154062
7 0.312524 0.723008 0.006514 0.198672
7 0.227256 0.673711 0.006641 0.165078
7 0.221079 0.681953 0.005576 0.181875
7 0.304067 0.699844 0.006768 0.144688
7 0.336826 0.648633 0.003906 0.103047
7 0.331406 0.646836 0.005352 0.085859
2 0.021777 0.524102 0.014355 0.108828
7 0.136831 0.664727 0.004619 0.131016
5 0.205229 0.707539 0.005459 0.104141
5 0.200039 0.710078 0.003379 0.107969
5 0.187832 0.689375 0.003887 0.105156
