1 0.034292 0.766445 0.035244 0.354766
1 0.100693 0.623477 0.014961 0.151172
1 0.118359 0.632695 0.018789 0.154141
1 0.138975 0.668359 0.021973 0.172813
1 0.162061 0.667891 0.023320 0.189219
1 0.187109 0.719844 0.025645 0.216719
1 0.210317 0.740469 0.020303 0.197500
1 0.235435 0.656992 0.011943 0.103672
1 0.220396 0.663320 0.008506 0.081016
1 0.003535 0.492930 0.006680 0.083984
1 0.501548 0.826602 0.036006 0.332891
1 0.457158 0.738164 0.035742 0.361016
1 0.377061 0.664219 0.019727 0.129531
7 0.581553 0.697422 0.008027 0.288906
1 0.606978 0.509336 0.018057 0.097422
7 0.586621 0.525195 0.003359 0.090703
7 0.382666 0.668125 0.004160 0.159062
7 0.607622 0.513555 0.003271 0.068047
1 0.184351 0.585938 0.008760 0.076406
8 0.821787 0.140039 0.010508 0.131016
3 0.984331 0.464219 0.008428 0.104375
1 0.475376 0.592031 0.009229 0.042812
