7 0.882002 0.422617 0.002246 0.074297
1 0.706338 0.486836 0.009766 0.085859
7 0.076313 0.626523 0.005264 0.148984
7 0.917280 0.508398 0.004795 0.121172
8 0.951787 0.535547 0.005273 0.118750
3 0.733735 0.432500 0.020674 0.144219
7 0.600718 0.722031 0.010576 0.343281
8 0.545210 0.789062 0.017217 0.421875
1 0.512012 0.837500 0.041602 0.325000
1 0.658696 0.574297 0.025049 0.164531
7 0.680713 0.590547 0.009453 0.246406
1 0.691162 0.515117 0.014160 0.111953
1 0.652842 0.540234 0.023066 0.158906
1 0.623516 0.562891 0.028555 0.192656
1 0.575669 0.628516 0.032412 0.173438
7 0.749375 0.432383 0.003203 0.072891
1 0.494009 0.690742 0.029736 0.178047
7 0.413325 0.704766 0.007100 0.242969
1 0.104917 0.641641 0.013721 0.095313
