7 0.739146 0.432500 0.005107 0.188125
7 0.969092 0.614297 0.006328 0.218594
1 0.344272 0.807305 0.127803 0.384922
7 0.645005 0.768594 0.017354 0.462656
7 0.974868 0.586875 0.003838 0.146719
1 0.115928 0.822344 0.085527 0.350781
1 0.020454 0.819609 0.040869 0.359531
1 0.055356 0.786133 0.040400 0.421953
1 0.013154 0.599727 0.025195 0.080547
7 0.241465 0.697148 0.005781 0.192109
7 0.516392 0.572500 0.002646 0.058594
7 0.655630 0.437461 0.005615 0.210234
7 0.677051 0.387656 0.003418 0.076563
5 0.677324 0.453242 0.015996 0.087266
