1 0.687183 0.474961 0.041729 0.201328
1 0.763652 0.399687 0.015547 0.083594
7 0.479624 0.587109 0.002783 0.050937
7 0.472246 0.589297 0.002188 0.052656
7 0.463740 0.592812 0.002305 0.053750
1 0.793970 0.461367 0.024287 0.154609
1 0.115991 0.837539 0.073232 0.330078
1 0.007036 0.648359 0.013525 0.168125
1 0.043638 0.590469 0.011338 0.075781
7 0.968086 0.576992 0.002500 0.113516
7 0.972305 0.571094 0.003105 0.127500
1 0.816958 0.565625 0.060283 0.375000
1 0.028501 0.631211 0.019775 0.179922
7 0.316099 0.701016 0.005771 0.155937
1 0.489517 0.579883 0.007061 0.081641
