1 0.402871 0.537734 0.027051 0.161250
1 0.556470 0.525000 0.026807 0.129219
1 0.350864 0.584570 0.028643 0.139922
1 0.651582 0.516289 0.008750 0.088672
7 0.641729 0.528633 0.004961 0.067891
8 0.627432 0.512969 0.003906 0.050000
1 0.485093 0.803281 0.054580 0.393437
2 0.409961 0.435312 0.042285 0.226250
1 0.294917 0.547344 0.018174 0.092031
1 0.277686 0.560898 0.011211 0.086016
1 0.289956 0.543711 0.009932 0.051484
1 0.300142 0.546250 0.013975 0.098125
3 0.273291 0.509102 0.023398 0.116328
1 0.265117 0.520625 0.013125 0.074688
7 0.658389 0.553008 0.006094 0.102422
7 0.014849 0.541289 0.003936 0.116172
7 0.595283 0.515625 0.003906 0.071875
7 0.459893 0.526484 0.005078 0.120313
7 0.466396 0.527109 0.005664 0.117188
7 0.471572 0.524375 0.004102 0.114844
7 0.475527 0.521641 0.003027 0.112500
7 0.489639 0.526719 0.005859 0.116406
7 0.450293 0.522578 0.005664 0.114062
