1 0.045312 0.654219 0.022031 0.193594
1 0.177061 0.880977 0.082813 0.236328
1 0.437139 0.794570 0.022676 0.225391
1 0.477656 0.651094 0.014492 0.126563
1 0.975903 0.535156 0.015928 0.110156
3 0.954761 0.479023 0.005518 0.083047
5 0.938916 0.613906 0.015391 0.109063
5 0.904917 0.595664 0.013193 0.112422
5 0.891963 0.600078 0.008262 0.082969
7 0.407134 0.679375 0.004229 0.132969
7 0.371880 0.652852 0.006045 0.065078
7 0.270557 0.699492 0.006641 0.196641
7 0.279243 0.704297 0.005576 0.181875
7 0.340107 0.681484 0.005137 0.114531
7 0.337969 0.670703 0.002695 0.072656
7 0.358911 0.630078 0.003896 0.068281
2 0.017280 0.528672 0.016982 0.127656
5 0.247788 0.734492 0.005459 0.104141
5 0.242505 0.729023 0.003369 0.108047
5 0.238911 0.730273 0.005107 0.112734
5 0.229932 0.722422 0.003887 0.105156
