1 0.572329 0.566602 0.019170 0.135703
3 0.937598 0.468984 0.065039 0.355156
1 0.009922 0.739180 0.019082 0.211328
1 0.928066 0.579688 0.024707 0.162656
1 0.552437 0.655781 0.025967 0.243750
1 0.264521 0.693516 0.044551 0.249219
1 0.177993 0.839766 0.110811 0.320469
1 0.982993 0.679727 0.031260 0.261016
3 0.477100 0.552305 0.125293 0.579766
1 0.115723 0.608633 0.043672 0.265859
1 0.409224 0.681797 0.025654 0.270625
7 0.188623 0.535234 0.004922 0.126563
7 0.185342 0.533750 0.004219 0.123750
7 0.179424 0.528125 0.005273 0.118125
8 0.355952 0.617461 0.019932 0.229453
1 0.903501 0.533281 0.012607 0.118750
7 0.874746 0.486172 0.007090 0.204844
7 0.616025 0.724844 0.009512 0.312812
