1 0.336108 0.633086 0.023936 0.138203
7 0.239668 0.657656 0.004199 0.075781
7 0.555762 0.635312 0.009395 0.275469
1 0.544502 0.505313 0.015117 0.082656
1 0.344395 0.641016 0.015137 0.074219
7 0.597051 0.573203 0.005313 0.157656
7 0.611045 0.550234 0.005059 0.125156
1 0.594316 0.490859 0.011816 0.076563
1 0.602939 0.464844 0.009160 0.063281
1 0.485547 0.839375 0.039648 0.321250
1 0.429136 0.572344 0.020283 0.145000
1 0.335361 0.636250 0.020313 0.107812
1 0.465552 0.563633 0.022725 0.106797
1 0.376104 0.614219 0.020879 0.123125
1 0.369634 0.602969 0.023252 0.135313
1 0.987378 0.575156 0.024287 0.172969
8 0.417261 0.783438 0.020518 0.286563
5 0.416865 0.840977 0.020762 0.182109
