1 0.002827 0.576680 0.005713 0.139453
1 0.521489 0.531797 0.003857 0.039062
1 0.081343 0.575937 0.018564 0.109687
1 0.162798 0.623516 0.010146 0.089531
1 0.497944 0.544258 0.004424 0.037734
1 0.627437 0.524609 0.016611 0.125000
1 0.045093 0.721836 0.040557 0.387578
1 0.509692 0.578516 0.008096 0.071875
7 0.457744 0.755859 0.014785 0.363281
7 0.428037 0.768320 0.011074 0.367422
7 0.365264 0.740703 0.007227 0.259531
7 0.604736 0.554219 0.007090 0.150625
1 0.093086 0.805820 0.069473 0.343516
7 0.562954 0.465313 0.003428 0.106875
7 0.559233 0.467891 0.002920 0.105000
2 0.509624 0.504883 0.006533 0.077734
1 0.155869 0.646406 0.019316 0.121250
1 0.134116 0.596992 0.021436 0.126797
1 0.111577 0.595898 0.023936 0.076797
1 0.098140 0.583672 0.017217 0.101094
1 0.254468 0.898555 0.123506 0.202891
1 0.997207 0.570742 0.005586 0.113359
2 0.493193 0.528945 0.006660 0.086797
