1 0.559814 0.581055 0.017949 0.101484
7 0.323394 0.581680 0.006768 0.198672
7 0.284380 0.585898 0.007510 0.217578
7 0.120854 0.540625 0.002607 0.136719
7 0.136748 0.542656 0.004023 0.183438
7 0.160391 0.496055 0.003438 0.137578
7 0.083965 0.538945 0.002441 0.094297
7 0.105210 0.542695 0.002666 0.117734
7 0.104448 0.537461 0.002744 0.125859
7 0.101519 0.533672 0.002725 0.117812
7 0.117319 0.534336 0.003154 0.103203
1 0.008154 0.617578 0.011816 0.099219
1 0.018472 0.578828 0.010771 0.082969
1 0.528936 0.570391 0.018125 0.108438
1 0.386675 0.478047 0.013232 0.082656
8 0.378564 0.531211 0.005449 0.084141
5 0.377700 0.609570 0.013018 0.090859
1 0.032798 0.655273 0.017744 0.178359
1 0.037773 0.541172 0.008633 0.067656
1 0.058721 0.568477 0.015039 0.106797
1 0.028218 0.523828 0.005928 0.077187
7 0.995791 0.569102 0.003555 0.091328
