1 0.481338 0.690586 0.014707 0.126016
1 0.218350 0.712969 0.042480 0.280313
3 0.979307 0.480820 0.041387 0.306172
5 0.610776 0.767656 0.008760 0.158906
7 0.174712 0.685703 0.008486 0.215156
7 0.163389 0.690352 0.009355 0.278203
7 0.144644 0.670430 0.005889 0.190547
7 0.154678 0.624531 0.005488 0.145781
5 0.207095 0.810781 0.010635 0.169687
5 0.181479 0.793008 0.012334 0.163672
1 0.939165 0.553242 0.023838 0.218984
7 0.881270 0.499609 0.003555 0.160625
7 0.900513 0.532930 0.006514 0.121328
7 0.886543 0.511055 0.004062 0.118984
3 0.023984 0.518945 0.046562 0.419141
