1 0.966611 0.607930 0.017441 0.105703
7 0.950288 0.658398 0.007080 0.202578
7 0.339424 0.612188 0.004492 0.139531
8 0.527344 0.493125 0.009180 0.199219
7 0.534702 0.501172 0.003623 0.162031
7 0.539702 0.493242 0.004404 0.176641
7 0.007261 0.632031 0.002412 0.103125
7 0.637490 0.513711 0.004785 0.133516
7 0.644707 0.519219 0.005762 0.135937
5 0.828564 0.931250 0.033105 0.137500
7 0.829297 0.811328 0.013867 0.377344
1 0.490244 0.433359 0.006074 0.058125
1 0.373906 0.618398 0.020605 0.114922
1 0.399395 0.623125 0.019629 0.110156
1 0.421025 0.579375 0.012695 0.052344
