1 0.500825 0.605820 0.011299 0.106797
1 0.974712 0.656172 0.022803 0.190937
1 0.536543 0.753164 0.018574 0.319922
1 0.518662 0.626836 0.011484 0.120234
1 0.016997 0.638203 0.017217 0.154219
1 0.933765 0.821875 0.055459 0.352031
1 0.047461 0.625430 0.017207 0.106641
1 0.523174 0.667812 0.014434 0.195156
1 0.963521 0.685703 0.027314 0.219688
3 0.040684 0.531602 0.014219 0.185547
1 0.957896 0.733867 0.035186 0.287578
1 0.011431 0.673945 0.021279 0.207266
3 0.733125 0.520234 0.373750 0.985781
3 0.147798 0.618242 0.193389 0.740234
