7 0.728574 0.373008 0.002734 0.085391
7 0.730015 0.347266 0.001611 0.055469
7 0.731758 0.344062 0.001660 0.054063
3 0.526709 0.558867 0.028223 0.124453
1 0.007524 0.679102 0.014248 0.277578
1 0.072515 0.758203 0.045166 0.421094
1 0.152690 0.845547 0.108701 0.294219
3 0.040078 0.557617 0.046348 0.553203
7 0.323115 0.831250 0.019023 0.337500
7 0.337803 0.924922 0.010371 0.150156
7 0.558340 0.634570 0.005195 0.188672
7 0.718979 0.534961 0.005791 0.156328
7 0.713521 0.571094 0.004971 0.194219
7 0.719868 0.457539 0.003682 0.138047
1 0.995684 0.679180 0.008633 0.279609
7 0.954990 0.647617 0.009316 0.230391
3 0.503936 0.556406 0.017090 0.247969
1 0.503701 0.753437 0.018789 0.241094
