1 0.427578 0.758555 0.038320 0.272578
1 0.015029 0.567617 0.010391 0.085547
1 0.501904 0.629570 0.011797 0.120078
1 0.470557 0.691680 0.025566 0.235234
1 0.146606 0.795469 0.064307 0.330781
1 0.873271 0.487773 0.019922 0.108203
1 0.095015 0.802305 0.037744 0.319453
1 0.028643 0.641914 0.020488 0.173203
1 0.446367 0.831406 0.041855 0.335625
1 0.235146 0.805117 0.155703 0.392266
1 0.857437 0.451250 0.017295 0.101250
2 0.842671 0.418125 0.021240 0.129375
1 0.498887 0.865625 0.041855 0.268750
2 0.013276 0.483984 0.009307 0.129219
1 0.005767 0.529727 0.006924 0.049922
