7 0.880874 0.421484 0.002256 0.074219
1 0.709629 0.479609 0.009336 0.082500
7 0.073745 0.625469 0.005264 0.149062
7 0.919443 0.512852 0.004473 0.121172
8 0.955635 0.539062 0.005273 0.118750
3 0.732769 0.435352 0.022471 0.154297
7 0.606074 0.701328 0.009980 0.331406
8 0.545210 0.789062 0.017217 0.421875
1 0.512012 0.837500 0.041602 0.325000
1 0.644922 0.592539 0.029590 0.170859
7 0.678403 0.593750 0.009443 0.249531
1 0.691006 0.515117 0.014473 0.111953
1 0.654194 0.540234 0.022959 0.158906
1 0.625947 0.560469 0.028066 0.188125
1 0.578081 0.626719 0.032412 0.173437
7 0.749287 0.432695 0.003203 0.072891
1 0.504600 0.684180 0.035820 0.178516
7 0.415029 0.707344 0.007109 0.242969
1 0.109351 0.643555 0.012822 0.097422
