1 0.551387 0.587695 0.018828 0.108047
1 0.595972 0.617539 0.019111 0.117109
7 0.250337 0.544883 0.006846 0.199609
7 0.199263 0.544687 0.007920 0.227188
7 0.100928 0.521797 0.002070 0.117812
7 0.111333 0.524414 0.004053 0.139766
7 0.076138 0.525234 0.002451 0.088594
7 0.087974 0.512500 0.001475 0.105469
7 0.091172 0.517891 0.002520 0.105156
7 0.086484 0.512031 0.001660 0.100469
1 0.006216 0.657500 0.011494 0.107187
1 0.025366 0.614844 0.017725 0.142656
1 0.505635 0.560430 0.019316 0.128672
1 0.392310 0.474023 0.017725 0.112891
8 0.352051 0.508125 0.006270 0.128281
5 0.350957 0.611641 0.013320 0.122031
1 0.054312 0.758984 0.037764 0.349375
1 0.036963 0.539961 0.007520 0.059922
