7 0.027187 0.504219 0.002344 0.051563
7 0.034648 0.516484 0.002891 0.065781
1 0.502412 0.609883 0.027910 0.151797
1 0.374414 0.468164 0.016914 0.104922
1 0.431279 0.498477 0.017734 0.109453
1 0.102256 0.805000 0.085215 0.387187
1 0.044497 0.724063 0.034111 0.312656
1 0.055596 0.587969 0.017012 0.215469
3 0.205835 0.519258 0.286475 0.960703
1 0.273525 0.895664 0.121211 0.208672
7 0.353945 0.476016 0.003398 0.105000
2 0.575195 0.545586 0.055781 0.353672
7 0.887930 0.168711 0.005078 0.136797
7 0.977896 0.636797 0.006436 0.215781
7 0.886685 0.846836 0.009424 0.285078
7 0.895996 0.756563 0.011133 0.486875
