1 0.429902 0.695742 0.021270 0.137578
1 0.486621 0.845156 0.028770 0.266250
1 0.434204 0.643086 0.031729 0.218516
1 0.111318 0.438359 0.016250 0.161406
1 0.072583 0.521484 0.030830 0.277656
1 0.027681 0.741211 0.056924 0.499766
1 0.448115 0.660430 0.043633 0.163047
1 0.451421 0.655859 0.022197 0.128281
3 0.414878 0.599570 0.028701 0.266016
3 0.830581 0.546914 0.042354 0.492578
3 0.381431 0.620859 0.052881 0.416406
7 0.859531 0.549883 0.007891 0.157109
7 0.631851 0.712422 0.008057 0.141094
7 0.597651 0.708125 0.007549 0.172969
