1 0.476895 0.544414 0.012305 0.122109
1 0.642358 0.663125 0.014092 0.118594
7 0.373052 0.576328 0.010732 0.281563
1 0.351387 0.500039 0.021074 0.115859
1 0.328994 0.484883 0.016777 0.088516
5 0.921133 0.635859 0.010957 0.113750
5 0.854463 0.749922 0.011660 0.191406
5 0.845391 0.766484 0.012246 0.182656
5 0.835366 0.771172 0.012021 0.186406
5 0.723472 0.836328 0.011963 0.179219
7 0.893667 0.678477 0.011514 0.286641
1 0.632876 0.687031 0.023447 0.128750
5 0.168540 0.598281 0.015752 0.230781
5 0.180161 0.599141 0.013584 0.231094
5 0.192695 0.599648 0.013984 0.247266
5 0.204395 0.599844 0.011914 0.230000
5 0.215747 0.615078 0.012217 0.286562
5 0.229790 0.622578 0.014424 0.259062
5 0.245439 0.624766 0.012871 0.258906
5 0.256885 0.628711 0.013105 0.259141
5 0.269360 0.652187 0.013389 0.225938
5 0.295781 0.639375 0.016191 0.236406
5 0.280190 0.634570 0.015166 0.269297
1 0.510234 0.596914 0.017090 0.137422
