7 0.772383 0.410859 0.002461 0.079375
7 0.766016 0.381484 0.003125 0.069844
3 0.571240 0.568477 0.035645 0.138047
7 0.544648 0.601406 0.002910 0.104375
1 0.005210 0.622539 0.009932 0.184297
1 0.026475 0.593555 0.014766 0.144141
1 0.039795 0.633320 0.023418 0.229609
7 0.124282 0.650781 0.008115 0.258906
7 0.125483 0.699805 0.006611 0.161172
7 0.585034 0.714102 0.006338 0.266484
7 0.804839 0.506523 0.003760 0.115234
7 0.811040 0.560312 0.004971 0.157344
7 0.788555 0.474492 0.003633 0.104453
1 0.997461 0.636094 0.005078 0.193437
7 0.977363 0.580977 0.005195 0.114453
3 0.500464 0.563203 0.016357 0.244375
1 0.500176 0.805898 0.023594 0.311016
