1 0.697520 0.482656 0.014141 0.105000
1 0.523135 0.579766 0.008594 0.068594
7 0.489424 0.582539 0.005645 0.112109
7 0.709238 0.458633 0.005996 0.107266
7 0.964277 0.554414 0.004238 0.088359
8 0.505781 0.588203 0.008184 0.095000
1 0.110669 0.819414 0.066846 0.351172
1 0.508735 0.869531 0.038037 0.245469
1 0.011484 0.788320 0.022891 0.399453
1 0.988081 0.805352 0.023389 0.388984
1 0.013174 0.661719 0.020391 0.185156
1 0.043560 0.747188 0.047959 0.398906
1 0.626299 0.570859 0.025195 0.152031
1 0.649600 0.537187 0.018477 0.118281
7 0.513433 0.606211 0.005908 0.112266
7 0.956533 0.587305 0.006016 0.178672
7 0.244067 0.791406 0.013799 0.412813
8 0.513027 0.596641 0.007656 0.101719
7 0.792471 0.450781 0.005566 0.113281
1 0.604473 0.529141 0.036895 0.249687
