8 0.067266 0.580000 0.006523 0.168437
1 0.980728 0.515430 0.020771 0.221172
1 0.434658 0.750898 0.021914 0.230234
7 0.558833 0.787148 0.018584 0.425703
7 0.594004 0.598672 0.006328 0.213594
1 0.005010 0.579453 0.010020 0.153750
1 0.308628 0.895781 0.087217 0.208438
1 0.796772 0.808242 0.143330 0.383516
7 0.933184 0.522617 0.008965 0.303359
1 0.919023 0.761484 0.080039 0.476250
8 0.951729 0.664297 0.014453 0.407031
1 0.987988 0.620000 0.024023 0.303750
1 0.458604 0.620898 0.015059 0.177734
1 0.468745 0.633125 0.013232 0.079375
1 0.471650 0.629414 0.012031 0.076953
