1 0.813740 0.765742 0.059922 0.411328
7 0.599697 0.728789 0.006816 0.260703
7 0.759062 0.740781 0.010898 0.306562
7 0.344985 0.646602 0.007041 0.208984
7 0.160410 0.768008 0.015527 0.463984
7 0.344487 0.647305 0.007158 0.217109
7 0.858101 0.759492 0.009971 0.408828
7 0.732495 0.780586 0.010811 0.329922
8 0.890781 0.724023 0.013535 0.410234
7 0.174819 0.784883 0.016865 0.413984
5 0.800093 0.911133 0.016572 0.177734
7 0.696660 0.811719 0.011406 0.314063
7 0.885332 0.760703 0.012461 0.406094
7 0.778115 0.788047 0.012988 0.419844
7 0.736758 0.742539 0.009883 0.293047
7 0.703047 0.684141 0.006543 0.234844
7 0.593711 0.740234 0.007930 0.274219
7 0.579873 0.692773 0.010410 0.220391
1 0.440142 0.738750 0.023154 0.224531
7 0.833662 0.778047 0.013164 0.388906
8 0.049111 0.569258 0.004297 0.133359
