1 0.377271 0.622773 0.017158 0.095391
1 0.299526 0.698867 0.031904 0.247734
1 0.984380 0.677188 0.018193 0.225938
1 0.825591 0.727969 0.020537 0.150469
1 0.528647 0.697969 0.026318 0.204219
1 0.440581 0.608242 0.020107 0.130078
1 0.472568 0.791680 0.061211 0.385234
1 0.045117 0.698320 0.036250 0.240391
2 0.557974 0.549844 0.026670 0.249375
7 0.958101 0.680195 0.014248 0.454297
7 0.896768 0.659648 0.014375 0.494453
5 0.956309 0.790273 0.024414 0.182422
1 0.336929 0.636836 0.023916 0.173047
1 0.800757 0.772969 0.021143 0.140000
