1 0.015078 0.776055 0.030156 0.446328
1 0.003911 0.493359 0.007393 0.104531
1 0.315122 0.652188 0.010811 0.062031
1 0.079248 0.575937 0.016113 0.109687
1 0.162261 0.622188 0.009072 0.086875
1 0.483936 0.592812 0.005937 0.062344
1 0.498174 0.553438 0.006543 0.038438
1 0.488809 0.575313 0.005781 0.043125
1 0.628828 0.528203 0.018340 0.125938
1 0.044536 0.696133 0.041943 0.421953
7 0.560337 0.660781 0.007314 0.186094
7 0.557578 0.721562 0.010742 0.338281
7 0.315874 0.645352 0.004053 0.069609
1 0.090806 0.804023 0.068115 0.387422
7 0.582417 0.586172 0.003428 0.120625
7 0.579590 0.586328 0.003262 0.137188
1 0.151455 0.647695 0.017207 0.114141
1 0.133418 0.596953 0.021426 0.128281
1 0.111577 0.603867 0.023936 0.060859
1 0.098140 0.583672 0.017217 0.101094
1 0.238203 0.898555 0.124570 0.202891
1 0.996289 0.801641 0.007422 0.357969
2 0.472637 0.565664 0.017773 0.211953
