3 0.077451 0.548359 0.057246 0.410781
1 0.470820 0.696484 0.015742 0.149531
1 0.036377 0.515625 0.009844 0.099219
1 0.236846 0.793281 0.071230 0.413438
1 0.016523 0.520859 0.014141 0.101719
1 0.481519 0.619844 0.012432 0.091875
7 0.319424 0.648906 0.005762 0.191406
7 0.416919 0.670273 0.004561 0.125078
8 0.147642 0.673203 0.014229 0.207344
1 0.029121 0.592305 0.016250 0.137266
1 0.216768 0.863047 0.121797 0.273906
1 0.046323 0.713281 0.028447 0.259375
3 0.021338 0.445664 0.034219 0.208516
7 0.989287 0.492188 0.003965 0.121875
