1 0.402271 0.632617 0.011279 0.098047
7 0.277798 0.782539 0.010420 0.297109
1 0.765449 0.623242 0.008164 0.060547
1 0.805298 0.767031 0.020361 0.170000
7 0.604531 0.581875 0.006445 0.197344
1 0.769546 0.796953 0.018584 0.150156
1 0.740967 0.674141 0.010059 0.082969
1 0.728784 0.679961 0.008818 0.083828
1 0.757920 0.623633 0.007363 0.046641
1 0.750210 0.622578 0.007959 0.053906
1 0.742710 0.625938 0.007568 0.055625
1 0.735259 0.608125 0.007607 0.057500
1 0.760557 0.586562 0.005801 0.040312
1 0.754224 0.580352 0.006689 0.045078
1 0.747368 0.570781 0.007295 0.043281
1 0.525928 0.673125 0.025918 0.283750
1 0.531265 0.588672 0.020576 0.148438
