7 0.031797 0.511563 0.001953 0.054688
7 0.040713 0.521719 0.002891 0.065781
2 0.394048 0.407891 0.027646 0.169219
1 0.599238 0.640781 0.018672 0.105000
1 0.434224 0.548984 0.026396 0.139531
1 0.102383 0.805000 0.085469 0.387187
1 0.044575 0.724063 0.034268 0.312656
1 0.055596 0.587969 0.017012 0.215469
3 0.205884 0.519258 0.286572 0.960703
1 0.273486 0.895664 0.121133 0.208672
7 0.353945 0.476016 0.003398 0.105000
2 0.510776 0.505820 0.064932 0.395234
7 0.873433 0.138125 0.005459 0.148906
7 0.974058 0.655234 0.007041 0.250156
7 0.886548 0.846836 0.009697 0.285078
7 0.896284 0.756563 0.011143 0.486875
