7 0.774424 0.412930 0.002461 0.075547
3 0.575254 0.571406 0.034785 0.143906
7 0.546089 0.599492 0.002998 0.106953
1 0.004917 0.625508 0.009658 0.180859
1 0.025503 0.589648 0.015049 0.141016
1 0.037617 0.627188 0.021504 0.213750
7 0.118936 0.637734 0.008984 0.244219
7 0.120405 0.674453 0.006768 0.166094
7 0.588164 0.713867 0.006914 0.287266
7 0.809067 0.513242 0.003760 0.115234
7 0.816255 0.548594 0.004971 0.131719
7 0.789463 0.468633 0.002910 0.101797
1 0.997461 0.636094 0.005078 0.193437
7 0.977998 0.579570 0.004980 0.111484
3 0.500200 0.562383 0.016143 0.243359
1 0.500107 0.803672 0.023457 0.307188
