1 0.240361 0.680586 0.029180 0.151641
1 0.995684 0.673281 0.008789 0.203125
2 0.030146 0.520273 0.016348 0.204609
7 0.680566 0.767266 0.012422 0.453750
1 0.479785 0.586797 0.009004 0.098125
7 0.560952 0.637813 0.004541 0.183750
7 0.554536 0.647813 0.004385 0.196562
7 0.539204 0.603437 0.002432 0.150625
7 0.535962 0.598047 0.002432 0.153906
1 0.722471 0.388516 0.012344 0.052812
1 0.004785 0.674219 0.008945 0.223906
1 0.404033 0.790547 0.052539 0.412969
1 0.071548 0.784531 0.057764 0.410313
7 0.986182 0.545703 0.003320 0.088281
1 0.464380 0.602266 0.012314 0.152656
