1 0.364180 0.812227 0.060508 0.396953
1 0.934033 0.447383 0.022559 0.144297
3 0.462969 0.590508 0.030059 0.270234
3 0.298232 0.640742 0.139238 0.647734
8 0.226357 0.703125 0.017383 0.287500
1 0.493003 0.620703 0.011338 0.102187
3 0.899561 0.388672 0.037598 0.283594
1 0.013936 0.607422 0.026855 0.234531
1 0.940562 0.514609 0.026357 0.153281
1 0.478335 0.753945 0.027900 0.237578
1 0.018179 0.528750 0.022529 0.126250
1 0.105459 0.829492 0.073652 0.326172
3 0.139292 0.617500 0.153389 0.765000
7 0.051963 0.504023 0.004922 0.100547
7 0.048667 0.495898 0.003975 0.103516
7 0.044600 0.485938 0.004746 0.101562
1 0.890225 0.446133 0.018574 0.135078
7 0.853286 0.734414 0.033076 0.531172
