7 0.759209 0.407344 0.002461 0.083125
7 0.754346 0.385156 0.001660 0.065625
3 0.556738 0.565859 0.038672 0.132813
7 0.539248 0.601797 0.002871 0.096562
1 0.005518 0.640820 0.010918 0.183203
1 0.037012 0.624102 0.016992 0.187734
1 0.054512 0.706367 0.030703 0.327578
3 0.024561 0.502344 0.016992 0.226562
7 0.162900 0.729336 0.010508 0.358359
7 0.165444 0.790820 0.007881 0.231641
7 0.574604 0.691758 0.005068 0.241328
7 0.780645 0.505078 0.003750 0.114844
7 0.784658 0.568672 0.004961 0.145156
7 0.770410 0.457773 0.002656 0.104453
1 0.997461 0.636094 0.005078 0.193437
7 0.973291 0.593750 0.006191 0.137969
3 0.503564 0.562266 0.017090 0.247969
1 0.501553 0.792695 0.022754 0.300703
