1 0.193921 0.618242 0.013291 0.077734
1 0.178643 0.566641 0.016563 0.107344
1 0.242021 0.575781 0.007012 0.047500
1 0.256885 0.577227 0.006348 0.054453
1 0.265269 0.581953 0.006572 0.049844
1 0.283970 0.583828 0.006670 0.048438
1 0.275679 0.583203 0.007041 0.064844
7 0.962666 0.612109 0.005332 0.192969
1 0.294565 0.575039 0.006514 0.053984
1 0.299336 0.584805 0.007871 0.064141
1 0.309668 0.574102 0.007168 0.076484
1 0.327881 0.588164 0.008437 0.064141
1 0.249414 0.577344 0.005742 0.050000
2 0.022246 0.489023 0.009922 0.076641
