8 0.075957 0.564688 0.006523 0.201250
2 0.610542 0.599727 0.021768 0.130547
1 0.541353 0.623555 0.009678 0.062578
1 0.986367 0.516875 0.024277 0.198906
1 0.236426 0.801562 0.125391 0.396875
1 0.413174 0.795937 0.029629 0.317188
1 0.427407 0.680000 0.015127 0.113750
7 0.736333 0.798320 0.024697 0.403359
7 0.617344 0.668906 0.006934 0.232031
1 0.003193 0.555586 0.006387 0.153672
1 0.040889 0.593438 0.019375 0.162969
1 0.907466 0.790000 0.091709 0.420000
7 0.954019 0.501133 0.007236 0.185234
1 0.951567 0.780977 0.041553 0.438047
8 0.965972 0.615469 0.010283 0.277187
1 0.989067 0.611211 0.021865 0.236484
1 0.448813 0.643047 0.016045 0.268125
1 0.459790 0.654766 0.013232 0.079375
1 0.460166 0.647188 0.012031 0.077031
