1 0.038008 0.608672 0.013301 0.105938
1 0.015117 0.542930 0.008535 0.069453
3 0.208574 0.691094 0.113887 0.679375
1 0.996064 0.756992 0.007871 0.326016
3 0.439263 0.633359 0.021377 0.282344
1 0.907056 0.485156 0.015596 0.091406
1 0.460244 0.830625 0.030137 0.209687
1 0.011709 0.793281 0.022734 0.382188
1 0.091279 0.864297 0.053965 0.271406
1 0.060386 0.675859 0.021768 0.202500
1 0.116553 0.801094 0.055762 0.342656
7 0.796445 0.723984 0.015723 0.543125
2 0.346982 0.566875 0.159785 0.859687
1 0.504463 0.775117 0.034863 0.449766
1 0.480854 0.746133 0.014072 0.121328
