1 0.501919 0.639258 0.011924 0.121016
1 0.473545 0.702109 0.020020 0.236250
1 0.451187 0.680781 0.017646 0.123125
1 0.416763 0.705078 0.024619 0.200469
1 0.873403 0.486797 0.018760 0.100469
1 0.039336 0.624844 0.014980 0.120000
1 0.020166 0.586641 0.012129 0.104062
1 0.439771 0.841836 0.047744 0.304453
1 0.168667 0.776328 0.139189 0.437187
1 0.398657 0.834102 0.040576 0.289922
1 0.857437 0.451250 0.017295 0.101250
2 0.842671 0.418125 0.021240 0.129375
1 0.498887 0.865625 0.041855 0.268750
2 0.012388 0.485586 0.008545 0.126016
1 0.005767 0.518750 0.006924 0.050000
