1 0.052310 0.568711 0.008643 0.066953
1 0.647451 0.656367 0.021699 0.118516
1 0.989155 0.795703 0.020420 0.421406
7 0.230967 0.556953 0.004453 0.092344
7 0.485737 0.631797 0.003213 0.080469
7 0.481895 0.629453 0.002930 0.060937
7 0.309473 0.510547 0.003438 0.105313
1 0.503369 0.719141 0.028027 0.135156
1 0.008550 0.803359 0.016475 0.367031
1 0.596904 0.671797 0.027988 0.129062
8 0.451562 0.636328 0.010547 0.133594
8 0.604458 0.661758 0.013115 0.177266
7 0.080537 0.604180 0.004668 0.124922
7 0.148809 0.566094 0.003887 0.098438
