1 0.461797 0.833555 0.030703 0.293984
1 0.270728 0.672383 0.008838 0.163516
1 0.738599 0.556406 0.013271 0.119531
7 0.430142 0.728711 0.006455 0.228516
1 0.692148 0.573242 0.016406 0.187891
1 0.702827 0.574336 0.007314 0.105078
1 0.705391 0.512813 0.008457 0.086563
2 0.486191 0.568555 0.015137 0.255078
7 0.415107 0.725938 0.004824 0.186250
1 0.018057 0.548594 0.007246 0.070000
1 0.260840 0.627344 0.011230 0.139062
1 0.014160 0.790508 0.028027 0.405391
1 0.284888 0.720742 0.025244 0.210078
1 0.986924 0.597773 0.016621 0.197891
3 0.890244 0.500820 0.177871 0.998359
1 0.535518 0.734102 0.029961 0.235078
3 0.520000 0.574375 0.013477 0.227188
1 0.499072 0.762227 0.025410 0.293828
2 0.502134 0.549180 0.012705 0.155391
1 0.993604 0.845586 0.012793 0.308828
1 0.641880 0.606875 0.006865 0.186250
1 0.054839 0.744727 0.041045 0.364766
