5 0.932061 0.648359 0.010684 0.089219
5 0.886113 0.710938 0.013125 0.143750
5 0.886025 0.718516 0.012910 0.136719
5 0.860420 0.735508 0.012461 0.156172
8 0.945762 0.630898 0.006016 0.188203
5 0.728052 0.797930 0.009639 0.195859
5 0.761455 0.782422 0.016406 0.207031
5 0.320312 0.653516 0.011719 0.242969
5 0.393613 0.631133 0.013594 0.165234
5 0.716079 0.796641 0.008857 0.210156
5 0.706196 0.800547 0.008115 0.177031
5 0.696235 0.806602 0.009463 0.182891
5 0.332896 0.657617 0.011553 0.219922
5 0.686289 0.788359 0.011406 0.197031
5 0.343335 0.664180 0.013545 0.186797
5 0.678428 0.799531 0.008652 0.155000
7 0.365327 0.622852 0.010693 0.246641
5 0.623174 0.735820 0.013340 0.126641
7 0.567432 0.612227 0.004043 0.111484
