1 0.491987 0.574805 0.005283 0.038672
7 0.974268 0.605859 0.006934 0.205469
1 0.344287 0.807422 0.127773 0.385156
7 0.688818 0.753906 0.020801 0.492188
7 0.978110 0.595078 0.003838 0.147188
1 0.117827 0.828867 0.084971 0.340547
1 0.020576 0.819570 0.041113 0.359453
1 0.054961 0.785586 0.040313 0.421484
1 0.013154 0.599727 0.025195 0.080547
7 0.252144 0.699180 0.007139 0.195547
7 0.516958 0.574219 0.002646 0.058594
7 0.661621 0.424414 0.005430 0.209766
7 0.681055 0.379297 0.003125 0.063281
5 0.677910 0.455000 0.014219 0.090312
