1 0.454453 0.592461 0.020234 0.122422
7 0.234141 0.650313 0.004199 0.075781
3 0.314092 0.620547 0.068848 0.229844
7 0.520615 0.715977 0.012207 0.310703
7 0.598418 0.605313 0.005313 0.214375
7 0.610273 0.562266 0.005410 0.140937
1 0.565781 0.503398 0.012832 0.072422
7 0.006201 0.571484 0.005957 0.184375
1 0.599902 0.474922 0.008203 0.067344
1 0.619473 0.469531 0.009648 0.050312
1 0.485547 0.852734 0.039648 0.294531
1 0.414990 0.589844 0.020215 0.145000
1 0.372524 0.635664 0.021553 0.122422
1 0.369912 0.603945 0.023809 0.137266
1 0.989551 0.555352 0.020898 0.187734
8 0.530967 0.657109 0.017148 0.254844
5 0.530576 0.709453 0.016094 0.149531
