1 0.159995 0.589727 0.008740 0.055391
1 0.151211 0.900313 0.104922 0.190469
1 0.090542 0.589336 0.011025 0.151172
1 0.106987 0.611367 0.015068 0.154141
1 0.121807 0.642187 0.018535 0.146094
1 0.142578 0.648359 0.020410 0.155156
1 0.164468 0.693047 0.024932 0.196094
1 0.188237 0.720000 0.021201 0.177969
1 0.223472 0.651289 0.009697 0.088828
1 0.208516 0.657656 0.008496 0.080937
1 0.501270 0.826367 0.035957 0.327734
1 0.444258 0.793164 0.049434 0.409922
1 0.387725 0.740156 0.018750 0.240156
7 0.572524 0.681953 0.008018 0.288906
1 0.613779 0.525898 0.020859 0.111172
7 0.570430 0.534687 0.003359 0.096563
7 0.368062 0.692344 0.004756 0.181094
1 0.173369 0.569375 0.008750 0.076406
8 0.924004 0.275859 0.005254 0.078125
3 0.988306 0.419883 0.010107 0.131172
1 0.473633 0.629766 0.008535 0.062656
