1 0.075273 0.710195 0.034414 0.269453
1 0.322568 0.779570 0.025762 0.137266
1 0.348145 0.839453 0.079883 0.321094
1 0.463682 0.764570 0.024707 0.266328
1 0.026660 0.554297 0.006641 0.052344
3 0.035469 0.522773 0.016309 0.161172
1 0.025190 0.595938 0.010811 0.079531
2 0.020898 0.496797 0.005098 0.061250
1 0.041196 0.599766 0.011162 0.102031
1 0.215615 0.751602 0.034453 0.218516
2 0.102539 0.630273 0.029883 0.148828
1 0.128359 0.681406 0.022168 0.125469
1 0.152559 0.713164 0.023203 0.141953
1 0.181274 0.746367 0.023975 0.151484
