1 0.396431 0.793438 0.050908 0.374688
1 0.943564 0.457852 0.024434 0.149922
3 0.470806 0.581523 0.026357 0.283828
3 0.328818 0.637813 0.123848 0.618125
1 0.497808 0.614688 0.011377 0.098750
3 0.893057 0.388672 0.050605 0.283594
1 0.013525 0.616211 0.027051 0.222266
1 0.934678 0.512227 0.026406 0.156484
1 0.485322 0.742188 0.027207 0.262500
1 0.028872 0.550156 0.022529 0.126250
1 0.110347 0.831680 0.070381 0.324922
1 0.994551 0.587461 0.012559 0.159297
3 0.170840 0.598281 0.195195 0.796563
7 0.059092 0.510664 0.004922 0.100547
7 0.055542 0.503711 0.004092 0.103516
7 0.051143 0.493359 0.004746 0.101563
1 0.885391 0.451211 0.018574 0.135078
7 0.803521 0.748164 0.033389 0.503672
