1 0.435791 0.596914 0.016250 0.160859
1 0.440854 0.619258 0.023838 0.151016
1 0.425063 0.595508 0.014639 0.116797
8 0.609233 0.552344 0.009131 0.184687
1 0.350103 0.631250 0.022178 0.132812
3 0.346001 0.578555 0.044971 0.209922
1 0.389370 0.842578 0.034932 0.303906
1 0.990552 0.573320 0.018408 0.159609
1 0.486128 0.831758 0.038975 0.328516
1 0.015991 0.624961 0.017549 0.143672
1 0.028647 0.819961 0.050732 0.368047
7 0.071094 0.572969 0.005469 0.152656
7 0.961748 0.682383 0.009297 0.308203
7 0.981030 0.542109 0.005010 0.118437
3 0.612720 0.469297 0.033330 0.188906
2 0.562466 0.527344 0.023564 0.156250
3 0.286899 0.580625 0.049072 0.153906
