1 0.022769 0.615469 0.013643 0.110469
1 0.213115 0.852734 0.046641 0.308750
1 0.400410 0.827656 0.057324 0.334219
1 0.501689 0.640273 0.012578 0.117422
1 0.473496 0.702109 0.020195 0.211094
1 0.046533 0.591797 0.013437 0.111563
1 0.873091 0.487070 0.019658 0.106484
1 0.050947 0.781016 0.036055 0.328594
1 0.451108 0.830352 0.037236 0.331016
1 0.304932 0.791016 0.158008 0.417969
1 0.857437 0.451250 0.017295 0.101250
2 0.842671 0.418125 0.021240 0.129375
1 0.498887 0.865625 0.041855 0.268750
2 0.015298 0.481797 0.012373 0.175781
1 0.005859 0.542344 0.008262 0.069531
