8 0.478330 0.632227 0.003496 0.112422
5 0.477754 0.663320 0.003652 0.062578
1 0.019316 0.780664 0.038105 0.438672
3 0.063623 0.564336 0.019609 0.214453
1 0.070454 0.799141 0.035459 0.339219
1 0.128286 0.856016 0.102529 0.287969
7 0.207354 0.587852 0.003496 0.092578
1 0.370615 0.883789 0.088926 0.232422
1 0.443193 0.783750 0.052207 0.432500
1 0.503276 0.829219 0.035498 0.341562
8 0.559946 0.688438 0.006611 0.260156
5 0.560483 0.739023 0.014209 0.139922
8 0.545122 0.641953 0.006064 0.142500
7 0.693516 0.621172 0.003047 0.090469
