1 0.157075 0.580508 0.008818 0.055391
7 0.556978 0.372656 0.002236 0.037344
1 0.265361 0.935820 0.106426 0.128359
1 0.089985 0.592461 0.011631 0.151172
1 0.104424 0.594375 0.016113 0.154062
1 0.122104 0.635039 0.019834 0.140547
1 0.141587 0.641875 0.020186 0.146250
1 0.162622 0.689805 0.024287 0.177266
1 0.185430 0.709180 0.022363 0.163984
1 0.220859 0.646367 0.007832 0.071328
1 0.204165 0.652461 0.008506 0.081016
1 0.502085 0.826172 0.033721 0.322656
1 0.444272 0.803672 0.052158 0.383906
1 0.168364 0.819766 0.069131 0.342656
7 0.547915 0.676602 0.008018 0.272734
1 0.615640 0.530977 0.018701 0.111172
7 0.549336 0.567266 0.003359 0.118437
7 0.369312 0.699102 0.005303 0.201172
1 0.172817 0.575117 0.008760 0.076484
8 0.961201 0.402344 0.005254 0.078125
3 0.993105 0.413047 0.013574 0.187500
1 0.472554 0.643984 0.007354 0.065781
