1 0.501445 0.632266 0.014902 0.147344
1 0.670239 0.918047 0.116826 0.196094
1 0.531733 0.709375 0.019814 0.212656
1 0.014243 0.586445 0.014971 0.113203
1 0.984951 0.617188 0.013086 0.150000
1 0.562251 0.837695 0.049072 0.330859
1 0.523774 0.620938 0.014834 0.117188
1 0.528066 0.632109 0.014941 0.110156
3 0.502222 0.593477 0.015869 0.170703
7 0.457534 0.614219 0.004209 0.103594
8 0.457510 0.605781 0.004727 0.094844
3 0.909526 0.503789 0.155479 0.992422
1 0.008721 0.719375 0.017383 0.259531
3 0.067129 0.613867 0.065430 0.493047
