1 0.024863 0.743359 0.029434 0.353750
3 0.429116 0.540195 0.093408 0.372109
1 0.316606 0.655625 0.019541 0.113594
1 0.322510 0.637070 0.019141 0.131016
1 0.046689 0.569141 0.010176 0.110469
7 0.603247 0.661250 0.009482 0.316719
7 0.122197 0.673164 0.006426 0.234453
7 0.990449 0.472148 0.002188 0.041016
7 0.998120 0.472930 0.003643 0.044766
3 0.665879 0.426445 0.011836 0.187266
1 0.553867 0.529727 0.022266 0.178828
1 0.369893 0.610352 0.021738 0.138828
2 0.245029 0.592188 0.010313 0.126563
1 0.292217 0.626836 0.008457 0.065078
1 0.989922 0.570937 0.018867 0.167656
7 0.969653 0.633281 0.008096 0.258125
7 0.932080 0.736094 0.016250 0.493906
1 0.486753 0.860820 0.040928 0.274766
3 0.615713 0.492422 0.035254 0.182344
