7 0.419092 0.545312 0.005176 0.215625
8 0.621318 0.466289 0.003789 0.078984
7 0.665576 0.510156 0.003613 0.096875
1 0.657275 0.473437 0.003809 0.065625
1 0.707998 0.551055 0.010957 0.057266
1 0.786470 0.624844 0.005947 0.045937
1 0.842197 0.651992 0.005254 0.061797
1 0.966021 0.601367 0.015205 0.103359
5 0.947119 0.767461 0.011113 0.128984
7 0.945273 0.699141 0.004922 0.270781
7 0.891582 0.771094 0.007812 0.330000
7 0.972554 0.615938 0.003076 0.124687
7 0.536650 0.547188 0.003574 0.158438
7 0.541992 0.541797 0.003516 0.186719
1 0.490244 0.433359 0.006074 0.058125
1 0.373906 0.618398 0.020605 0.114922
1 0.399395 0.623125 0.019629 0.110156
1 0.421025 0.579375 0.012695 0.052344
