1 0.002886 0.580703 0.005752 0.139844
1 0.521719 0.531797 0.003398 0.039062
1 0.081079 0.575937 0.018252 0.109687
1 0.162778 0.623477 0.010107 0.089453
1 0.497822 0.544844 0.004395 0.038438
1 0.626680 0.525742 0.018984 0.126797
1 0.045825 0.717617 0.041299 0.388828
1 0.509546 0.579219 0.008193 0.072812
7 0.458989 0.758164 0.012881 0.364922
7 0.429683 0.768281 0.010986 0.370938
7 0.364185 0.745273 0.007197 0.256953
7 0.606357 0.553828 0.007090 0.150625
1 0.094600 0.809922 0.066094 0.343438
7 0.562969 0.467656 0.003437 0.106875
7 0.559268 0.469688 0.002910 0.105000
2 0.509614 0.505586 0.006553 0.076328
1 0.155029 0.645859 0.019316 0.121250
1 0.133418 0.596953 0.021426 0.128281
1 0.111577 0.596328 0.023936 0.075937
1 0.098140 0.583672 0.017217 0.101094
1 0.252842 0.898555 0.123613 0.202891
1 0.997280 0.573516 0.005439 0.112344
2 0.493091 0.530312 0.006729 0.088281
