7 0.821230 0.552031 0.004766 0.143125
3 0.579102 0.573945 0.032227 0.148984
7 0.547534 0.597539 0.003076 0.109609
1 0.004980 0.631602 0.009629 0.173672
1 0.023428 0.575703 0.011738 0.100156
1 0.036450 0.628945 0.019932 0.202891
7 0.116167 0.630156 0.008604 0.235625
7 0.117168 0.666953 0.006465 0.157969
7 0.591289 0.713633 0.007500 0.308047
7 0.812871 0.521172 0.003750 0.115313
1 0.997461 0.636094 0.005078 0.193437
7 0.978633 0.578125 0.004766 0.108437
3 0.499941 0.561562 0.015938 0.242344
1 0.500039 0.801367 0.023320 0.303359
