1 0.384473 0.698438 0.020703 0.148906
1 0.422065 0.701094 0.024658 0.173281
2 0.010708 0.543242 0.021416 0.237578
7 0.020132 0.605039 0.004014 0.119922
7 0.488916 0.596914 0.002246 0.119609
7 0.737051 0.495117 0.003027 0.111484
7 0.987607 0.579844 0.002148 0.091250
8 0.972905 0.578516 0.004482 0.097031
5 0.972490 0.607500 0.003555 0.062813
1 0.598140 0.580469 0.036709 0.240625
1 0.005415 0.623242 0.010830 0.153516
7 0.547749 0.779727 0.014502 0.445703
7 0.696387 0.725273 0.018164 0.503672
7 0.949834 0.591445 0.005625 0.154297
7 0.079019 0.680312 0.007021 0.231250
7 0.036499 0.634727 0.005420 0.191641
7 0.408340 0.704687 0.005566 0.231563
5 0.403550 0.753125 0.007939 0.125000
8 0.402783 0.697734 0.007324 0.196250
7 0.492900 0.580898 0.002305 0.093047
7 0.754199 0.454180 0.002754 0.082422
5 0.833818 0.466328 0.004062 0.068125
8 0.834014 0.424766 0.003848 0.106094
