1 0.457124 0.527422 0.012334 0.097344
1 0.274897 0.618008 0.029131 0.173047
1 0.612295 0.594961 0.014668 0.122734
1 0.398149 0.540625 0.018232 0.107656
1 0.531792 0.574961 0.027627 0.198359
1 0.291675 0.628672 0.011123 0.099375
1 0.306304 0.621719 0.012998 0.133750
1 0.988042 0.694922 0.017939 0.144219
1 0.922759 0.850469 0.041064 0.327656
1 0.609121 0.814297 0.038652 0.324063
2 0.295728 0.516016 0.017744 0.147187
7 0.752827 0.775977 0.011377 0.403984
1 0.143291 0.634453 0.016895 0.090312
7 0.922798 0.623047 0.006455 0.146094
