1 0.331226 0.901562 0.076650 0.223437
1 0.388877 0.689844 0.017246 0.141094
1 0.395552 0.700781 0.026279 0.168750
2 0.054946 0.573555 0.031182 0.203203
7 0.009712 0.594336 0.003916 0.119141
1 0.489561 0.720430 0.044512 0.233047
7 0.488403 0.577070 0.003213 0.080234
7 0.741494 0.482617 0.003027 0.102578
7 0.965742 0.564414 0.002148 0.089922
7 0.966074 0.555781 0.002422 0.082031
8 0.976924 0.602227 0.005488 0.128047
5 0.976768 0.667070 0.005898 0.129297
1 0.553472 0.619297 0.042256 0.287031
7 0.636392 0.727188 0.012568 0.446406
7 0.581445 0.781406 0.015625 0.433125
7 0.942432 0.559766 0.003965 0.127656
7 0.048755 0.629648 0.006260 0.162422
7 0.018501 0.606563 0.004482 0.145469
7 0.398574 0.712266 0.005176 0.240000
7 0.484546 0.590469 0.002920 0.084688
7 0.753428 0.465938 0.002910 0.086719
5 0.843521 0.441797 0.004658 0.051563
8 0.843823 0.405234 0.002959 0.084375
