1 0.599102 0.636133 0.016641 0.104922
1 0.524355 0.626875 0.028223 0.152188
1 0.453755 0.559180 0.025869 0.141641
7 0.603389 0.150078 0.003398 0.037500
5 0.823037 0.154023 0.013086 0.064297
8 0.822744 0.122461 0.006797 0.128516
1 0.101914 0.805000 0.084531 0.387187
1 0.044282 0.724063 0.033682 0.312656
1 0.055596 0.587969 0.017012 0.215469
3 0.204766 0.522773 0.284336 0.953672
1 0.272515 0.895664 0.119189 0.208672
7 0.353945 0.476016 0.003398 0.105000
7 0.918740 0.263008 0.004395 0.108203
7 0.983950 0.592852 0.004893 0.164141
7 0.900308 0.753086 0.010693 0.486953
