3 0.475254 0.574297 0.084922 0.421094
7 0.116992 0.640195 0.005234 0.095391
8 0.092456 0.633711 0.010811 0.128672
2 0.738716 0.389805 0.006025 0.083359
7 0.884111 0.450703 0.005566 0.121094
8 0.909072 0.447500 0.005273 0.108281
7 0.496196 0.718594 0.008877 0.269687
8 0.545210 0.789062 0.017217 0.421875
1 0.512012 0.837500 0.041602 0.325000
1 0.735215 0.444727 0.007168 0.057578
7 0.715811 0.538281 0.005410 0.184219
1 0.672300 0.529844 0.018447 0.114844
1 0.638525 0.560352 0.025098 0.176953
1 0.609063 0.582383 0.030098 0.194453
1 0.554312 0.641367 0.033311 0.176641
7 0.750508 0.429023 0.003203 0.072891
1 0.052695 0.801328 0.057031 0.344844
1 0.047886 0.609141 0.017979 0.047656
