1 0.329575 0.827539 0.100205 0.323203
1 0.006890 0.547617 0.010635 0.093672
1 0.490571 0.625195 0.009482 0.087734
1 0.480347 0.673438 0.014209 0.129219
2 0.034272 0.490273 0.031221 0.539609
1 0.682559 0.412461 0.018242 0.140859
7 0.851421 0.784062 0.019053 0.431875
7 0.976611 0.560078 0.006465 0.185312
7 0.544722 0.672734 0.007041 0.200000
7 0.531353 0.646328 0.004443 0.129219
8 0.451562 0.698516 0.006348 0.158906
1 0.066816 0.566875 0.014648 0.099219
1 0.079063 0.584766 0.010938 0.087500
1 0.099854 0.596016 0.017285 0.154687
1 0.116494 0.638594 0.016504 0.144531
1 0.153442 0.672305 0.024072 0.184297
1 0.181470 0.701172 0.026084 0.175781
