1 0.366167 0.860156 0.061592 0.342187
1 0.176187 0.772539 0.016768 0.140391
7 0.321689 0.808477 0.005195 0.260547
1 0.262871 0.889883 0.061953 0.220234
1 0.418086 0.758711 0.025781 0.185078
1 0.080527 0.701133 0.031953 0.327266
1 0.163076 0.824648 0.021309 0.211797
1 0.006953 0.647461 0.013164 0.217891
1 0.026079 0.584609 0.006826 0.053594
1 0.486099 0.625781 0.014326 0.142188
1 0.457026 0.817031 0.041318 0.371875
7 0.637979 0.752461 0.015898 0.456172
7 0.623477 0.725078 0.015566 0.521875
7 0.974409 0.526484 0.004971 0.143906
1 0.046206 0.618711 0.012861 0.104609
1 0.114209 0.686016 0.014355 0.089219
1 0.133325 0.690391 0.014854 0.093750
1 0.148232 0.683398 0.011270 0.091797
7 0.257021 0.757031 0.006465 0.142188
1 0.017793 0.589844 0.009727 0.088281
1 0.494814 0.599023 0.006582 0.093047
