7 0.955977 0.654375 0.007285 0.211562
7 0.331904 0.598125 0.005098 0.142344
8 0.514487 0.524375 0.007295 0.199219
7 0.534795 0.499180 0.003945 0.160547
7 0.539702 0.495000 0.004404 0.176562
7 0.008960 0.616992 0.001611 0.141016
7 0.628945 0.521172 0.004785 0.148437
7 0.638740 0.521562 0.005762 0.155469
5 0.792905 0.939844 0.025127 0.120313
7 0.796387 0.791406 0.008984 0.399375
1 0.965879 0.586094 0.016406 0.101250
1 0.490244 0.433359 0.006074 0.058125
1 0.373906 0.618398 0.020605 0.114922
1 0.399395 0.623125 0.019629 0.110156
1 0.421025 0.579375 0.012695 0.052344
