7 0.741050 0.434063 0.005869 0.189688
7 0.967305 0.619883 0.006719 0.223672
1 0.344185 0.807109 0.127979 0.384531
7 0.635000 0.769531 0.018437 0.460938
7 0.973735 0.589727 0.003916 0.160547
1 0.116714 0.826719 0.081865 0.346562
1 0.020420 0.819648 0.040801 0.359609
1 0.055415 0.786133 0.040518 0.422422
1 0.013154 0.599727 0.025195 0.080547
7 0.238818 0.696914 0.006172 0.191797
7 0.516235 0.571953 0.002646 0.058594
7 0.653999 0.443945 0.005928 0.210391
7 0.675146 0.390625 0.003418 0.076562
5 0.676196 0.450117 0.013818 0.081172
