5 0.916865 0.638672 0.012363 0.092969
8 0.971411 0.549844 0.003994 0.108125
5 0.851787 0.750664 0.011465 0.162266
5 0.868804 0.701680 0.011045 0.156641
5 0.172725 0.589375 0.014004 0.227188
5 0.286621 0.646484 0.013672 0.236719
5 0.308232 0.642813 0.010293 0.241563
5 0.834502 0.766992 0.013223 0.170703
5 0.828140 0.784336 0.012861 0.170391
5 0.185200 0.617812 0.012900 0.225781
5 0.815005 0.798906 0.009248 0.195156
5 0.196299 0.621641 0.009023 0.213125
5 0.209443 0.619492 0.011621 0.242109
5 0.805967 0.810078 0.010332 0.182969
5 0.219888 0.627656 0.008623 0.209219
5 0.234844 0.650234 0.008828 0.198906
5 0.248623 0.632031 0.010508 0.234375
5 0.258945 0.650195 0.009727 0.220078
5 0.271577 0.658359 0.009795 0.220781
7 0.231191 0.581641 0.009551 0.300781
7 0.335796 0.643750 0.010439 0.326562
1 0.369326 0.516563 0.023750 0.167031
5 0.740010 0.849609 0.007090 0.205469
5 0.718633 0.855977 0.009668 0.186328
5 0.698931 0.832656 0.013584 0.176406
5 0.688154 0.822617 0.009434 0.148359
5 0.679297 0.814492 0.007227 0.163984
5 0.670571 0.813789 0.008564 0.171016
7 0.606201 0.706250 0.006348 0.171875
