1 0.398740 0.699688 0.010566 0.124688
1 0.613564 0.561289 0.030449 0.210234
1 0.032920 0.718281 0.030195 0.264687
7 0.493652 0.768203 0.012734 0.380781
7 0.730288 0.607422 0.011592 0.433906
7 0.952783 0.607422 0.004785 0.205469
7 0.135244 0.752383 0.011543 0.345703
7 0.064639 0.662383 0.007188 0.265547
2 0.008594 0.522148 0.017188 0.343047
1 0.423760 0.684297 0.023340 0.145312
7 0.425937 0.696055 0.005273 0.215078
5 0.459941 0.818672 0.012090 0.156719
8 0.460098 0.738359 0.013047 0.258750
7 0.501377 0.584492 0.002539 0.100234
7 0.503188 0.577148 0.001963 0.081484
7 0.755200 0.441406 0.002393 0.070312
5 0.822192 0.473164 0.006533 0.075547
8 0.822520 0.432188 0.004512 0.122344
7 0.957241 0.546055 0.002764 0.107734
