1 0.459194 0.698867 0.022725 0.213672
1 0.166230 0.703750 0.036699 0.250000
1 0.915420 0.549883 0.010723 0.102422
3 0.978599 0.535391 0.042393 0.247812
5 0.680161 0.826602 0.010713 0.230391
5 0.663062 0.641523 0.007979 0.164609
7 0.128687 0.660000 0.008486 0.191875
7 0.124106 0.675664 0.009365 0.210078
7 0.103521 0.624727 0.004189 0.151641
5 0.143340 0.772891 0.013574 0.147500
5 0.128281 0.751406 0.014180 0.135781
1 0.966665 0.586406 0.019619 0.187500
7 0.908398 0.549648 0.002930 0.119609
3 0.003857 0.548398 0.007715 0.242109
