1 0.518623 0.681523 0.015605 0.178516
1 0.625796 0.571758 0.021846 0.118984
1 0.523872 0.635039 0.018291 0.124141
7 0.716753 0.500938 0.004229 0.088125
7 0.253628 0.778711 0.015928 0.438984
7 0.937671 0.700391 0.010830 0.343750
1 0.644834 0.544102 0.015645 0.124141
1 0.697070 0.504766 0.002930 0.109219
7 0.657734 0.571484 0.005234 0.130469
8 0.534922 0.643203 0.005703 0.163281
1 0.681616 0.523828 0.016533 0.132969
1 0.462485 0.620234 0.017549 0.095469
1 0.457661 0.609297 0.009873 0.059219
7 0.557129 0.641406 0.006738 0.168750
1 0.551562 0.612578 0.019570 0.105313
1 0.582812 0.592578 0.019336 0.096094
7 0.005469 0.619805 0.004941 0.152422
1 0.611230 0.563281 0.016602 0.121875
