1 0.025088 0.628477 0.015020 0.127266
1 0.118618 0.727500 0.033467 0.199531
1 0.435884 0.755469 0.028037 0.242500
1 0.502021 0.634609 0.011680 0.119375
1 0.473359 0.697930 0.019043 0.193672
1 0.036777 0.568203 0.009805 0.087031
1 0.873384 0.486914 0.019600 0.105547
1 0.062266 0.807422 0.044590 0.388906
1 0.451348 0.812187 0.044199 0.368906
1 0.325239 0.787656 0.144541 0.417500
1 0.857437 0.451250 0.017295 0.101250
2 0.842671 0.418125 0.021240 0.129375
1 0.498887 0.865625 0.041855 0.268750
2 0.016079 0.480938 0.013604 0.195156
1 0.005894 0.546797 0.008818 0.077812
