1 0.036733 0.710078 0.020557 0.204687
1 0.043174 0.578320 0.008301 0.069297
1 0.460762 0.611250 0.009727 0.060937
1 0.501885 0.632500 0.013965 0.115469
1 0.473325 0.697266 0.019678 0.200156
1 0.873320 0.486641 0.019805 0.104219
1 0.087510 0.797930 0.064863 0.375547
1 0.455581 0.825313 0.035420 0.324531
1 0.345508 0.786445 0.155273 0.419766
1 0.857437 0.451250 0.017295 0.101250
2 0.842671 0.418125 0.021240 0.129375
1 0.498887 0.865625 0.041855 0.268750
2 0.020713 0.489102 0.014531 0.270234
1 0.006196 0.568203 0.011436 0.120156
