1 0.504829 0.632617 0.014424 0.098359
1 0.489219 0.629023 0.012246 0.128672
1 0.480059 0.718984 0.016426 0.159687
1 0.469253 0.632344 0.012119 0.115781
1 0.458701 0.665664 0.014492 0.098047
1 0.272861 0.863125 0.053242 0.300000
2 0.422095 0.620859 0.041104 0.339844
1 0.142192 0.837383 0.068311 0.320547
1 0.050552 0.771172 0.036650 0.337344
1 0.502407 0.802031 0.030889 0.348594
1 0.364658 0.826328 0.122480 0.344219
7 0.946353 0.488867 0.003174 0.076172
1 0.070059 0.686719 0.027090 0.242656
3 0.005737 0.508242 0.011318 0.315859
2 0.021968 0.481563 0.014619 0.245469
