7 0.715313 0.373164 0.003027 0.085391
3 0.519971 0.558867 0.014746 0.124453
1 0.008940 0.716719 0.017822 0.339375
1 0.107271 0.792188 0.078037 0.400000
1 0.281221 0.885039 0.098184 0.229609
3 0.050562 0.541523 0.060400 0.668516
7 0.402588 0.848008 0.016309 0.303984
7 0.415269 0.914766 0.008174 0.166406
5 0.239717 0.586133 0.007793 0.142891
7 0.556650 0.623359 0.004316 0.173281
7 0.689658 0.544961 0.005547 0.186953
7 0.683462 0.594062 0.005127 0.205781
7 0.698057 0.475430 0.004707 0.138047
1 0.995684 0.691758 0.008633 0.304766
7 0.940342 0.700352 0.010938 0.297109
3 0.504639 0.550469 0.016504 0.255938
1 0.504463 0.744609 0.017266 0.223437
7 0.446191 0.025000 0.002539 0.040625
