1 0.057173 0.612344 0.016670 0.141719
1 0.125044 0.797031 0.036670 0.276250
1 0.346553 0.865898 0.055605 0.268203
1 0.454331 0.673125 0.013330 0.118906
2 0.279229 0.727070 0.015762 0.291172
1 0.755347 0.382578 0.008564 0.094531
7 0.407285 0.711641 0.004043 0.120156
8 0.396143 0.726094 0.003516 0.146250
7 0.261831 0.792344 0.003037 0.116875
5 0.394751 0.758125 0.009658 0.073281
1 0.096973 0.644023 0.018945 0.122891
1 0.034424 0.660547 0.019043 0.199219
2 0.478296 0.576250 0.023311 0.385313
1 0.014141 0.559141 0.006992 0.058438
1 0.496021 0.603711 0.006279 0.067734
