1 0.366333 0.919922 0.082666 0.160156
1 0.051484 0.753242 0.037461 0.298203
1 0.021963 0.600391 0.011367 0.119062
1 0.012012 0.765156 0.024023 0.372344
7 0.351489 0.691641 0.011377 0.303281
1 0.476890 0.703047 0.021611 0.201406
3 0.521367 0.563906 0.015937 0.245312
3 0.503823 0.537148 0.008799 0.083203
1 0.504175 0.655898 0.013076 0.138984
1 0.970322 0.702578 0.033477 0.324687
7 0.639771 0.719297 0.012529 0.340781
1 0.774409 0.647266 0.056807 0.372344
1 0.837207 0.675039 0.048633 0.278828
1 0.882734 0.628320 0.031602 0.219922
1 0.903325 0.605859 0.020342 0.159844
1 0.922109 0.566445 0.022363 0.161016
3 0.994678 0.501367 0.010156 0.154141
7 0.639722 0.730313 0.012217 0.330781
