7 0.738560 0.430156 0.003936 0.183437
7 0.969688 0.612461 0.006191 0.216953
1 0.344321 0.807422 0.127705 0.385156
7 0.647969 0.768320 0.016563 0.463203
7 0.975244 0.585938 0.003809 0.142187
1 0.116289 0.827695 0.081016 0.344453
1 0.020464 0.819609 0.040889 0.359531
1 0.055337 0.786133 0.040361 0.421797
1 0.013154 0.599727 0.025195 0.080547
7 0.242349 0.697227 0.005654 0.192266
7 0.516440 0.572656 0.002646 0.058594
7 0.656177 0.435234 0.005518 0.210156
7 0.677686 0.386719 0.003418 0.076562
5 0.677881 0.454805 0.017090 0.090391
