1 0.039712 0.628945 0.017842 0.179766
1 0.122041 0.870078 0.072715 0.253125
1 0.423135 0.830430 0.027324 0.280547
1 0.474365 0.652773 0.015215 0.141484
1 0.978726 0.539531 0.014111 0.101719
5 0.943345 0.608867 0.013799 0.108359
5 0.913906 0.527617 0.013184 0.112422
7 0.401353 0.682773 0.004307 0.137734
7 0.359546 0.654609 0.005068 0.078750
7 0.260933 0.693789 0.006650 0.189609
7 0.266318 0.699336 0.005586 0.181797
7 0.332144 0.689023 0.005947 0.129609
7 0.352031 0.634297 0.004258 0.072656
2 0.018276 0.527656 0.016396 0.123437
5 0.237661 0.714961 0.005459 0.104141
5 0.232095 0.722227 0.003369 0.108047
5 0.227368 0.717695 0.005107 0.112734
5 0.219121 0.708828 0.003887 0.105156
