1 0.476484 0.735039 0.027637 0.177891
1 0.899893 0.545039 0.010117 0.089922
1 0.987734 0.843047 0.024141 0.312969
1 0.426255 0.618633 0.014814 0.113047
1 0.431606 0.617969 0.010635 0.127500
1 0.529844 0.852930 0.037754 0.298516
1 0.120859 0.546992 0.021426 0.145391
1 0.063330 0.657813 0.035039 0.298281
1 0.022056 0.825078 0.043545 0.338906
1 0.509780 0.638906 0.022080 0.125156
3 0.454146 0.594219 0.052705 0.350313
3 0.941118 0.518125 0.034736 0.368594
3 0.373433 0.636602 0.054189 0.679922
7 0.752798 0.689297 0.008057 0.141094
7 0.718672 0.690937 0.008789 0.218281
