1 0.480449 0.533125 0.015684 0.101719
1 0.406650 0.626406 0.023008 0.125469
1 0.525264 0.503359 0.010742 0.067969
7 0.267305 0.819258 0.006914 0.291016
1 0.501401 0.863633 0.058857 0.272734
1 0.480674 0.755508 0.025039 0.265234
1 0.333198 0.615117 0.013584 0.070703
1 0.396919 0.598437 0.014502 0.099688
1 0.016782 0.800508 0.033564 0.398984
7 0.225396 0.654375 0.002217 0.076562
7 0.233882 0.656328 0.001963 0.069531
1 0.440942 0.554258 0.016592 0.117578
7 0.114468 0.553594 0.002354 0.064844
1 0.988726 0.800234 0.022549 0.399531
