1 0.306548 0.628242 0.016904 0.088984
7 0.242744 0.666016 0.004199 0.075781
7 0.557402 0.603086 0.007871 0.247266
1 0.344395 0.640391 0.015137 0.072969
7 0.589756 0.555469 0.005020 0.117187
1 0.301318 0.633906 0.018418 0.086719
1 0.485195 0.826875 0.038984 0.335313
1 0.430103 0.557539 0.019580 0.133828
1 0.357305 0.630000 0.020312 0.107813
1 0.551089 0.515703 0.021846 0.085781
1 0.498325 0.534727 0.018740 0.093359
1 0.410166 0.584844 0.019687 0.123125
1 0.369531 0.602617 0.023047 0.134609
1 0.981230 0.589492 0.025156 0.192266
8 0.383018 0.796680 0.019141 0.285547
5 0.384185 0.851016 0.017998 0.175313
