7 0.463657 0.639961 0.005244 0.115859
7 0.453579 0.641641 0.004697 0.162188
1 0.855557 0.608516 0.043594 0.247344
1 0.013652 0.798984 0.027305 0.402031
7 0.090396 0.667578 0.007881 0.252344
1 0.024033 0.627891 0.013418 0.142344
3 0.533442 0.580586 0.033975 0.425703
3 0.502485 0.524023 0.014287 0.156172
1 0.503149 0.744297 0.026104 0.287969
1 0.878477 0.837500 0.111582 0.325000
7 0.908340 0.610000 0.009297 0.148750
1 0.919224 0.567539 0.020146 0.191484
3 0.991104 0.505469 0.011895 0.220312
7 0.929561 0.618828 0.009512 0.190469
