1 0.490376 0.557461 0.019580 0.111328
1 0.333760 0.710938 0.028770 0.165625
1 0.990454 0.573750 0.018018 0.159219
1 0.486313 0.843906 0.038252 0.292500
1 0.023379 0.612344 0.013711 0.135000
1 0.028462 0.829453 0.047822 0.339219
1 0.312324 0.644570 0.016875 0.101797
8 0.567900 0.722812 0.009023 0.263906
7 0.074893 0.590508 0.005625 0.154297
7 0.929414 0.769141 0.013789 0.421875
7 0.971016 0.606328 0.004688 0.206250
7 0.977686 0.568633 0.004902 0.142734
3 0.542993 0.489063 0.060771 0.272813
3 0.612646 0.469297 0.033477 0.188906
2 0.428618 0.611602 0.031787 0.188984
3 0.250151 0.611992 0.040537 0.153828
3 0.667690 0.447578 0.008037 0.135781
