1 0.015078 0.776055 0.030156 0.446328
1 0.003135 0.488945 0.006250 0.097891
1 0.079248 0.575937 0.016113 0.109687
1 0.162261 0.622188 0.009072 0.086875
1 0.485659 0.587031 0.007002 0.061875
1 0.500273 0.551016 0.006543 0.038281
1 0.493496 0.563516 0.005859 0.038281
1 0.626973 0.527656 0.020352 0.125625
1 0.044873 0.706289 0.042031 0.421172
7 0.561045 0.703164 0.008965 0.257734
7 0.551133 0.732930 0.011738 0.343672
7 0.317290 0.659922 0.004053 0.069688
1 0.092178 0.804297 0.064980 0.385469
7 0.578726 0.586172 0.003428 0.120625
7 0.575767 0.584062 0.003486 0.139844
1 0.151455 0.647695 0.017207 0.114141
1 0.133418 0.596953 0.021426 0.128281
1 0.111577 0.603867 0.023936 0.060859
1 0.098140 0.583672 0.017217 0.101094
1 0.238203 0.898555 0.124570 0.202891
1 0.996138 0.803125 0.007725 0.360938
2 0.473970 0.561523 0.016709 0.197266
