3 0.432646 0.552148 0.053066 0.187109
1 0.314063 0.705820 0.022852 0.149141
1 0.991064 0.570391 0.016172 0.146094
1 0.486548 0.851602 0.038350 0.296797
1 0.026362 0.579922 0.011084 0.113594
1 0.028091 0.823672 0.050459 0.339844
1 0.289316 0.647148 0.016465 0.095859
2 0.333721 0.603867 0.019102 0.163516
8 0.585996 0.791328 0.022617 0.408281
7 0.077690 0.594766 0.006357 0.155937
7 0.910068 0.781523 0.014961 0.436953
7 0.973164 0.596484 0.004687 0.175000
7 0.980137 0.568633 0.004902 0.142734
3 0.498892 0.499648 0.073193 0.291641
3 0.612617 0.469297 0.033535 0.188906
2 0.369126 0.620898 0.031787 0.188984
1 0.545596 0.510156 0.017461 0.110156
2 0.573345 0.428906 0.020596 0.207344
3 0.243140 0.617891 0.030518 0.153906
3 0.649004 0.406562 0.036445 0.165625
