7 0.413491 0.610859 0.005381 0.129687
1 0.994443 0.608359 0.010000 0.132188
7 0.296479 0.592969 0.006377 0.160938
7 0.265874 0.643672 0.005576 0.219219
7 0.307944 0.650000 0.005283 0.212812
7 0.250737 0.617461 0.006299 0.218359
7 0.235562 0.648672 0.006338 0.226719
7 0.219526 0.638867 0.005635 0.249141
7 0.227925 0.616445 0.004932 0.204297
8 0.427852 0.570312 0.004023 0.056875
5 0.427578 0.615156 0.008477 0.045938
2 0.021782 0.509180 0.014502 0.182734
1 0.010957 0.633594 0.014336 0.121406
1 0.036675 0.574922 0.013076 0.114219
1 0.165957 0.763398 0.056855 0.332422
1 0.354248 0.747344 0.041211 0.273281
1 0.067700 0.621328 0.027197 0.219844
7 0.964385 0.594258 0.006855 0.184922
