1 0.023970 0.621719 0.013975 0.116719
1 0.173013 0.820937 0.050361 0.292031
1 0.417129 0.822461 0.041680 0.334297
1 0.501890 0.633594 0.012002 0.118438
1 0.473574 0.704023 0.019531 0.204766
1 0.041582 0.576094 0.012207 0.101250
1 0.873198 0.487383 0.019775 0.106797
1 0.054580 0.795117 0.039883 0.363672
1 0.450923 0.819609 0.039150 0.342656
1 0.314131 0.787891 0.150020 0.421094
1 0.857437 0.451250 0.017295 0.101250
2 0.842671 0.418125 0.021240 0.129375
1 0.498887 0.865625 0.041855 0.268750
2 0.015586 0.481445 0.012832 0.183047
1 0.005869 0.544023 0.008477 0.072734
