1 0.362646 0.818477 0.058301 0.354141
1 0.189414 0.665117 0.015781 0.080703
1 0.207700 0.668203 0.009600 0.082188
1 0.240854 0.858047 0.058525 0.283906
1 0.224731 0.673359 0.011455 0.082656
1 0.444902 0.698711 0.015820 0.140703
1 0.474551 0.602578 0.008359 0.067031
1 0.193521 0.672070 0.013154 0.068359
1 0.016689 0.588672 0.011543 0.083750
1 0.032427 0.642852 0.017510 0.151016
7 0.625044 0.755703 0.012217 0.456094
1 0.070298 0.768203 0.049209 0.437969
1 0.488462 0.639375 0.008506 0.070000
1 0.505317 0.644180 0.009619 0.069766
1 0.494663 0.590938 0.005889 0.047031
