1 0.538823 0.534648 0.022354 0.140703
1 0.376963 0.649102 0.023359 0.157734
1 0.493613 0.549609 0.019648 0.102187
3 0.318711 0.606875 0.095195 0.312813
7 0.945503 0.652070 0.009092 0.349141
8 0.628867 0.510352 0.005137 0.184609
1 0.496577 0.556758 0.017979 0.080078
1 0.263389 0.876016 0.093184 0.247969
1 0.990005 0.569688 0.018857 0.164219
1 0.486035 0.832891 0.037676 0.329375
1 0.015435 0.621641 0.018428 0.145781
1 0.028511 0.812148 0.050420 0.365234
7 0.068496 0.552500 0.005469 0.152656
7 0.968833 0.636563 0.008271 0.277813
7 0.987139 0.522539 0.004902 0.112109
3 0.612778 0.469297 0.033213 0.188906
