1 0.501133 0.624180 0.014160 0.139453
1 0.590522 0.864570 0.079951 0.299297
1 0.528242 0.681914 0.017754 0.166797
1 0.970308 0.702422 0.022490 0.273125
1 0.021382 0.598398 0.015518 0.111641
1 0.977778 0.633359 0.015420 0.163906
1 0.546055 0.814531 0.031445 0.287969
1 0.518931 0.609336 0.015264 0.128203
1 0.523018 0.626875 0.015195 0.119062
3 0.501426 0.595000 0.015449 0.170312
7 0.457949 0.600547 0.004648 0.100313
8 0.458120 0.605000 0.004951 0.101562
1 0.008677 0.689453 0.017002 0.244375
3 0.080845 0.629727 0.087627 0.557891
