1 0.655034 0.718711 0.026572 0.202422
8 0.258936 0.750547 0.020605 0.498906
7 0.661147 0.793672 0.009736 0.400000
7 0.766060 0.605820 0.004092 0.118672
1 0.012212 0.778984 0.023525 0.439219
3 0.038193 0.532813 0.010742 0.096250
1 0.038770 0.663594 0.018457 0.171250
7 0.177451 0.568750 0.003008 0.075625
1 0.051255 0.780000 0.028154 0.343594
1 0.097529 0.750156 0.080723 0.499687
1 0.557705 0.833594 0.053711 0.319688
8 0.677310 0.758359 0.016084 0.483281
5 0.677524 0.937539 0.024580 0.124922
8 0.625332 0.770859 0.013555 0.419687
7 0.767236 0.614844 0.003613 0.110938
