1 0.165225 0.600820 0.008711 0.055391
1 0.996533 0.472812 0.005430 0.060312
1 0.057695 0.809258 0.054785 0.374141
1 0.096880 0.614570 0.013760 0.151172
1 0.112310 0.623047 0.016514 0.154219
1 0.130034 0.656641 0.019717 0.153438
1 0.150903 0.654258 0.021396 0.167422
1 0.174834 0.708477 0.025430 0.210391
1 0.197876 0.731680 0.020576 0.191641
1 0.228271 0.656055 0.011953 0.103672
1 0.213003 0.657656 0.008506 0.080937
1 0.500640 0.826562 0.037686 0.331719
1 0.449941 0.776445 0.043418 0.403828
1 0.379580 0.671992 0.017793 0.132578
7 0.583306 0.696406 0.008018 0.288906
1 0.609922 0.514414 0.019746 0.104297
7 0.584131 0.526758 0.003359 0.090703
7 0.375264 0.676602 0.004336 0.165703
7 0.617847 0.517891 0.003271 0.070937
1 0.178516 0.577461 0.008750 0.076484
8 0.863647 0.175898 0.010498 0.131016
3 0.985532 0.450781 0.008936 0.112500
1 0.474644 0.612461 0.009229 0.050859
