8 0.408130 0.678633 0.006494 0.212734
5 0.407964 0.736680 0.008604 0.119922
7 0.463979 0.627539 0.003936 0.114297
5 0.806904 0.704102 0.009609 0.215234
1 0.015518 0.794336 0.031035 0.411328
1 0.042158 0.575000 0.016055 0.096250
7 0.218652 0.791328 0.011035 0.378281
1 0.036211 0.703477 0.028633 0.275859
1 0.508735 0.825352 0.031904 0.349297
1 0.521533 0.612773 0.010117 0.082578
1 0.508086 0.624453 0.013047 0.097656
7 0.966216 0.546328 0.003721 0.121250
5 0.888755 0.638867 0.019834 0.176484
5 0.878403 0.654453 0.015127 0.158125
5 0.848198 0.674961 0.011729 0.161953
