1 0.982231 0.550039 0.012764 0.153516
1 0.956470 0.733164 0.037646 0.370078
1 0.936650 0.647930 0.025645 0.236953
1 0.160415 0.919258 0.075635 0.161484
1 0.461953 0.739609 0.024863 0.222656
1 0.483872 0.605742 0.008643 0.094609
3 0.008125 0.452656 0.005586 0.063594
3 0.013267 0.457695 0.005928 0.088516
1 0.008032 0.490625 0.004053 0.039844
1 0.003770 0.475469 0.003789 0.025938
1 0.012563 0.813086 0.025127 0.373828
1 0.991602 0.799219 0.016797 0.401563
1 0.013755 0.526172 0.007549 0.050625
1 0.519746 0.594570 0.009824 0.107734
1 0.504810 0.833867 0.039795 0.332266
1 0.505825 0.631445 0.018643 0.104766
1 0.021333 0.568008 0.010908 0.099922
1 0.546919 0.735430 0.034932 0.431172
1 0.033081 0.635117 0.017334 0.171953
