1 0.677515 0.555352 0.016240 0.118516
1 0.978745 0.652656 0.014443 0.158906
1 0.510469 0.610313 0.009141 0.084219
7 0.448271 0.629063 0.007461 0.146094
7 0.600254 0.800000 0.009453 0.364687
7 0.481509 0.629687 0.006064 0.126875
7 0.714429 0.513984 0.004678 0.116250
7 0.488579 0.631758 0.005811 0.146641
7 0.235508 0.695352 0.008320 0.263516
8 0.487852 0.622383 0.006523 0.121328
1 0.727744 0.453984 0.005176 0.048438
1 0.842754 0.406172 0.006699 0.067656
1 0.991270 0.538398 0.011602 0.128359
1 0.038940 0.575664 0.016553 0.076953
7 0.463682 0.643164 0.005234 0.133672
1 0.015908 0.653242 0.018301 0.201484
1 0.511890 0.837578 0.039170 0.320312
1 0.011997 0.800000 0.023857 0.390156
1 0.987505 0.801250 0.024072 0.395469
1 0.629136 0.615703 0.025029 0.151719
1 0.651978 0.577148 0.017646 0.100703
7 0.949692 0.604844 0.007021 0.229844
7 0.099360 0.672656 0.009072 0.334531
7 0.771367 0.490547 0.005566 0.113437
1 0.606494 0.564922 0.039316 0.270625
