1 0.448237 0.594336 0.020303 0.120078
7 0.233818 0.649687 0.004199 0.075781
3 0.319097 0.618242 0.072725 0.239922
7 0.517642 0.719727 0.012217 0.310703
7 0.609795 0.562813 0.005410 0.140937
1 0.562119 0.506602 0.013184 0.073359
7 0.006445 0.571406 0.005957 0.184375
1 0.617881 0.469141 0.009941 0.051406
1 0.485547 0.852734 0.039648 0.294531
1 0.413818 0.590859 0.020215 0.145000
1 0.368716 0.634102 0.021553 0.122422
1 0.369922 0.603984 0.023828 0.137344
1 0.989551 0.553672 0.020898 0.191094
8 0.538174 0.653281 0.017402 0.247188
5 0.537354 0.703203 0.016094 0.148594
