1 0.298037 0.681172 0.025234 0.136719
1 0.994331 0.664805 0.010322 0.197109
2 0.049976 0.537422 0.035498 0.330313
7 0.569883 0.738164 0.010137 0.377734
1 0.020049 0.563203 0.008047 0.062500
1 0.482227 0.576367 0.007422 0.076953
7 0.540542 0.604414 0.003369 0.130547
7 0.535962 0.612305 0.003330 0.140703
1 0.003789 0.640156 0.007559 0.203437
1 0.433516 0.731641 0.035898 0.334844
1 0.083018 0.790234 0.072188 0.394062
7 0.977290 0.552266 0.002646 0.113906
7 0.980000 0.551719 0.003320 0.116563
7 0.982046 0.515703 0.003174 0.078906
1 0.469819 0.605234 0.012314 0.152656
