1 0.798428 0.456055 0.043184 0.224922
1 0.838574 0.432852 0.020176 0.104922
1 0.812725 0.393828 0.015098 0.083594
7 0.529756 0.605625 0.004258 0.159219
7 0.482241 0.581992 0.003135 0.070391
7 0.474062 0.597578 0.002656 0.073594
7 0.462114 0.600703 0.002490 0.071406
1 0.884644 0.502539 0.021240 0.201953
1 0.127642 0.851094 0.079033 0.296094
1 0.008892 0.656484 0.016533 0.195469
7 0.980288 0.563477 0.001924 0.084766
7 0.983394 0.557148 0.001963 0.090859
1 0.905874 0.518477 0.031865 0.232422
1 0.034443 0.648555 0.020703 0.183359
7 0.263696 0.704531 0.005771 0.158125
1 0.487300 0.582656 0.008193 0.097187
