1 0.122837 0.806641 0.057158 0.333125
1 0.466289 0.672383 0.014863 0.120078
7 0.228486 0.806797 0.005195 0.317812
1 0.323965 0.869922 0.063203 0.257031
1 0.498887 0.564219 0.005273 0.057187
1 0.048613 0.613242 0.014512 0.169453
1 0.006284 0.655234 0.012549 0.204375
1 0.482715 0.632695 0.017773 0.164766
1 0.435244 0.820586 0.057773 0.377578
7 0.815596 0.739727 0.017148 0.473359
7 0.816040 0.719180 0.014463 0.560391
7 0.978540 0.526875 0.005107 0.128437
1 0.035459 0.582305 0.007246 0.086484
1 0.096348 0.643984 0.016250 0.114687
1 0.113032 0.648594 0.014854 0.093750
1 0.130264 0.650039 0.011270 0.091797
7 0.171963 0.793359 0.006465 0.303906
1 0.016416 0.587109 0.009727 0.088281
1 0.492939 0.591641 0.006680 0.094063
