7 0.885439 0.421328 0.002871 0.077969
7 0.087183 0.636562 0.005264 0.137813
7 0.908398 0.494805 0.005566 0.121172
3 0.737891 0.419922 0.012891 0.100781
7 0.576128 0.740859 0.011025 0.373281
8 0.545210 0.789062 0.017217 0.421875
1 0.512012 0.837500 0.041602 0.325000
1 0.697329 0.509727 0.016729 0.124922
7 0.690718 0.576445 0.009443 0.232891
1 0.685830 0.525000 0.007812 0.114844
1 0.646929 0.541172 0.023623 0.159844
1 0.614111 0.572070 0.030371 0.209141
1 0.565854 0.635469 0.032412 0.173438
7 0.749775 0.431211 0.003203 0.072891
1 0.461919 0.765547 0.038232 0.265938
7 0.406216 0.699180 0.007100 0.221172
1 0.083149 0.632422 0.017588 0.094531
