1 0.171191 0.632188 0.011914 0.096719
1 0.424756 0.619336 0.014941 0.090859
7 0.690586 0.807461 0.030469 0.385078
7 0.522988 0.655078 0.005938 0.163906
7 0.569434 0.756055 0.012891 0.387109
7 0.518389 0.601484 0.003945 0.126563
7 0.511948 0.585703 0.002236 0.057344
1 0.182881 0.640977 0.008008 0.068047
1 0.281147 0.653672 0.014678 0.110625
1 0.039126 0.655859 0.017510 0.192969
1 0.004419 0.566367 0.007627 0.067734
1 0.484746 0.659570 0.013770 0.130547
1 0.407407 0.885234 0.076162 0.229531
2 0.015278 0.466055 0.012178 0.223203
