1 0.035142 0.587344 0.011299 0.103437
1 0.327593 0.652188 0.017490 0.102812
3 0.288540 0.583398 0.042314 0.159766
1 0.098301 0.788906 0.074297 0.368281
7 0.142544 0.725352 0.007686 0.295859
7 0.626777 0.472891 0.002734 0.036719
7 0.991353 0.472539 0.002178 0.040859
7 0.998120 0.472930 0.003643 0.044766
3 0.655288 0.439844 0.025674 0.132812
1 0.665498 0.478359 0.012832 0.093281
1 0.442202 0.574414 0.029521 0.154766
1 0.389687 0.647422 0.024961 0.144844
1 0.990420 0.569258 0.018535 0.170859
3 0.459316 0.533789 0.051777 0.191016
7 0.956787 0.684414 0.009570 0.320859
7 0.914712 0.750586 0.017314 0.498672
1 0.486753 0.860820 0.040928 0.274766
3 0.616602 0.490391 0.035254 0.182344
