1 0.485332 0.530938 0.027051 0.161250
1 0.603423 0.520430 0.020205 0.098203
1 0.279258 0.576094 0.017363 0.093750
7 0.646782 0.531289 0.004951 0.067891
8 0.632188 0.514297 0.003906 0.050000
1 0.484985 0.801523 0.053916 0.396953
2 0.405479 0.437656 0.041230 0.230937
1 0.307358 0.549414 0.020127 0.104297
1 0.282476 0.561328 0.012451 0.086406
1 0.290415 0.544102 0.010518 0.055078
1 0.300142 0.546250 0.013975 0.098125
3 0.273018 0.511836 0.024062 0.116172
1 0.267148 0.522070 0.013125 0.074766
7 0.653076 0.559258 0.005840 0.111953
7 0.658389 0.553008 0.006094 0.102422
7 0.011631 0.550508 0.003887 0.121172
7 0.589092 0.516250 0.003906 0.071875
7 0.459893 0.526484 0.005078 0.120313
7 0.466396 0.527109 0.005664 0.117188
7 0.471572 0.524375 0.004102 0.114844
7 0.475527 0.521641 0.003027 0.112500
7 0.489639 0.526719 0.005859 0.116406
7 0.450293 0.522578 0.005664 0.114062
