1 0.638921 0.512773 0.012627 0.073359
1 0.484653 0.795937 0.051865 0.408125
2 0.408198 0.421875 0.040166 0.219219
1 0.492227 0.550547 0.023809 0.126562
1 0.324507 0.557070 0.017100 0.109766
1 0.296782 0.546406 0.013955 0.076406
1 0.313936 0.543320 0.018281 0.096641
3 0.273184 0.510469 0.028145 0.135469
1 0.275908 0.533789 0.013125 0.076172
7 0.647964 0.567813 0.005830 0.112031
7 0.658389 0.553008 0.006094 0.102422
7 0.998779 0.570312 0.002441 0.179688
7 0.569893 0.518125 0.003906 0.071875
7 0.459756 0.526641 0.005078 0.120312
7 0.466396 0.527109 0.005664 0.117188
7 0.471572 0.524375 0.004102 0.114844
7 0.475527 0.521641 0.003027 0.112500
7 0.488955 0.526719 0.005859 0.116406
7 0.450293 0.522578 0.005664 0.114062
