1 0.047500 0.607930 0.012188 0.081328
2 0.363525 0.568750 0.116895 0.862500
1 0.032559 0.583594 0.009453 0.083594
1 0.073726 0.728516 0.032412 0.241406
1 0.492988 0.578281 0.005273 0.057188
7 0.533018 0.572969 0.002930 0.093750
7 0.529912 0.576328 0.002344 0.100469
1 0.006133 0.646758 0.011992 0.210859
1 0.467109 0.695937 0.024375 0.265781
1 0.163506 0.857969 0.133691 0.255781
7 0.969136 0.564922 0.003838 0.175312
7 0.972554 0.567305 0.004697 0.192109
7 0.984175 0.503477 0.003174 0.078828
7 0.061357 0.595117 0.003496 0.124609
1 0.482520 0.615938 0.011094 0.115469
