1 0.017798 0.527734 0.009209 0.092344
1 0.212793 0.705430 0.021484 0.153047
1 0.080396 0.636797 0.009443 0.106563
7 0.964360 0.643477 0.009756 0.349453
1 0.095835 0.666484 0.010771 0.120000
1 0.058569 0.634141 0.014502 0.141094
1 0.222251 0.887109 0.089873 0.225781
1 0.300151 0.750000 0.020244 0.164062
1 0.473755 0.645469 0.010283 0.111875
1 0.483267 0.611172 0.007451 0.067969
1 0.490986 0.610898 0.007422 0.091172
2 0.494902 0.532109 0.011680 0.188281
1 0.040332 0.675742 0.026113 0.356797
1 0.005073 0.592266 0.009697 0.095469
1 0.015674 0.562852 0.007090 0.060078
