1 0.472314 0.531992 0.027051 0.161172
1 0.596006 0.521172 0.021250 0.103125
1 0.285190 0.581562 0.018154 0.097812
7 0.645986 0.530859 0.004961 0.067813
8 0.630967 0.511563 0.003906 0.050000
1 0.485000 0.801797 0.054023 0.396406
2 0.406089 0.437969 0.041592 0.231562
1 0.304985 0.549102 0.019814 0.102422
1 0.281724 0.561250 0.012256 0.086406
1 0.290273 0.543984 0.010352 0.054063
1 0.300142 0.546250 0.013975 0.098125
3 0.273062 0.511406 0.023955 0.116250
1 0.266826 0.521875 0.013125 0.074687
7 0.653076 0.559258 0.005840 0.111953
7 0.658389 0.553008 0.006094 0.102422
7 0.012139 0.549063 0.003887 0.120469
7 0.590068 0.516172 0.003906 0.071875
7 0.459893 0.526484 0.005078 0.120313
7 0.466396 0.527109 0.005664 0.117188
7 0.471572 0.524375 0.004102 0.114844
7 0.475527 0.521641 0.003027 0.112500
7 0.489639 0.526719 0.005859 0.116406
7 0.450293 0.522578 0.005664 0.114062
