1 0.003076 0.549531 0.006016 0.114688
1 0.518105 0.532070 0.004980 0.041328
1 0.083174 0.575937 0.020703 0.109687
1 0.515752 0.515781 0.007266 0.054375
1 0.498843 0.540156 0.004658 0.033750
1 0.624019 0.523906 0.014521 0.113750
1 0.046172 0.744766 0.042578 0.409062
1 0.509800 0.581172 0.009248 0.082656
7 0.446934 0.741406 0.010430 0.335938
7 0.420801 0.746094 0.010547 0.320312
7 0.376558 0.738555 0.006904 0.256641
7 0.593047 0.557617 0.007090 0.150703
1 0.099351 0.826641 0.083115 0.334688
7 0.562441 0.460703 0.003281 0.104687
7 0.558843 0.461406 0.002920 0.105000
2 0.510312 0.501133 0.006621 0.085234
1 0.161748 0.650313 0.019316 0.121250
1 0.178755 0.619180 0.011338 0.083984
1 0.139014 0.597109 0.021426 0.116094
1 0.115171 0.609883 0.023936 0.077578
1 0.101079 0.580781 0.017217 0.101094
1 0.294009 0.898555 0.123506 0.202891
1 0.996685 0.551367 0.006631 0.120859
2 0.494272 0.525391 0.006201 0.079531
