1 0.053403 0.572617 0.008330 0.070391
1 0.646230 0.651133 0.014141 0.117266
1 0.991274 0.794023 0.017217 0.424141
7 0.233398 0.560000 0.004414 0.101094
7 0.486050 0.630391 0.003213 0.080469
7 0.482246 0.626094 0.002930 0.060938
7 0.310806 0.509180 0.003447 0.105234
7 0.314971 0.507656 0.002871 0.120313
1 0.517969 0.696211 0.028027 0.114609
1 0.008076 0.819453 0.015293 0.350469
1 0.601699 0.664727 0.027227 0.128516
8 0.461436 0.638984 0.010547 0.130469
8 0.580176 0.651406 0.012383 0.175625
7 0.081621 0.607500 0.004668 0.124063
7 0.149312 0.568828 0.003994 0.099219
