1 0.040225 0.733477 0.023652 0.217266
1 0.036348 0.564297 0.007773 0.060156
1 0.454521 0.611953 0.009727 0.060937
1 0.502266 0.638047 0.011230 0.117188
1 0.473916 0.699180 0.018906 0.207422
1 0.873169 0.487070 0.019912 0.106797
1 0.092676 0.805664 0.067773 0.375391
1 0.456606 0.821523 0.034229 0.332109
1 0.348677 0.783750 0.138760 0.419063
1 0.857437 0.451250 0.017295 0.101250
2 0.842671 0.418125 0.021240 0.129375
1 0.498887 0.865625 0.041855 0.268750
2 0.022363 0.501992 0.017832 0.296016
1 0.006313 0.575820 0.012373 0.135391
