1 0.047280 0.613086 0.019111 0.111016
1 0.056436 0.578750 0.019746 0.101875
7 0.202173 0.655625 0.005596 0.173125
7 0.235522 0.587812 0.006299 0.161875
7 0.241011 0.586875 0.005088 0.146250
7 0.307285 0.678086 0.004785 0.095391
7 0.315986 0.667812 0.004336 0.091875
7 0.873701 0.610898 0.007090 0.262578
7 0.865967 0.612500 0.007520 0.256250
7 0.859082 0.616523 0.006934 0.256953
7 0.957271 0.706719 0.011104 0.476875
6 0.828838 0.748477 0.007773 0.284922
6 0.952793 0.780742 0.006289 0.304141
6 0.947905 0.794727 0.005303 0.324297
6 0.942173 0.783516 0.007725 0.298281
6 0.927881 0.765859 0.009668 0.294844
