1 0.355664 0.672969 0.015937 0.149375
1 0.032065 0.635000 0.017119 0.156406
3 0.333188 0.614805 0.064639 0.294922
1 0.472549 0.602031 0.021875 0.133750
1 0.061865 0.622734 0.017090 0.189219
1 0.569434 0.567578 0.017070 0.134844
7 0.130112 0.691328 0.007568 0.250625
7 0.623135 0.476016 0.002734 0.036719
7 0.990947 0.472344 0.002188 0.040937
7 0.998120 0.472930 0.003643 0.044766
3 0.656724 0.440312 0.022803 0.117344
1 0.410889 0.594336 0.025098 0.151016
2 0.235479 0.593516 0.009023 0.126562
1 0.266240 0.618984 0.007734 0.069375
1 0.989980 0.568867 0.018789 0.167422
3 0.459624 0.539883 0.055811 0.190547
7 0.964761 0.634609 0.008662 0.320937
7 0.928013 0.741445 0.016299 0.496328
1 0.486753 0.860820 0.040928 0.274766
3 0.616201 0.491328 0.035254 0.182344
