1 0.223867 0.611016 0.021699 0.108906
1 0.199863 0.558789 0.017305 0.111172
1 0.059336 0.618906 0.008086 0.082500
1 0.048096 0.562109 0.007129 0.055469
1 0.266206 0.571250 0.004893 0.041563
1 0.274678 0.572148 0.006387 0.033828
1 0.282705 0.571484 0.005098 0.042969
1 0.292075 0.571836 0.006924 0.048359
1 0.308979 0.575352 0.004697 0.055391
7 0.900439 0.779687 0.010059 0.315625
1 0.301567 0.575859 0.006436 0.046719
1 0.319287 0.567031 0.006543 0.051250
1 0.333481 0.574219 0.006084 0.051562
2 0.019937 0.507930 0.012861 0.076641
