1 0.783174 0.670156 0.024473 0.148750
1 0.474775 0.601680 0.014492 0.143984
1 0.482808 0.521484 0.003916 0.022656
7 0.654795 0.667539 0.009629 0.351016
1 0.773608 0.516055 0.012393 0.075391
1 0.814375 0.604336 0.019258 0.085078
1 0.895635 0.500469 0.005020 0.043438
1 0.811377 0.564766 0.015430 0.042031
1 0.804307 0.556484 0.012324 0.032344
1 0.802295 0.536016 0.012402 0.035156
1 0.796094 0.531172 0.010547 0.042031
1 0.901216 0.500430 0.005576 0.038359
1 0.477119 0.520703 0.003906 0.019531
1 0.021660 0.499648 0.004844 0.042578
1 0.486865 0.527734 0.004980 0.035156
