7 0.747139 0.385313 0.002461 0.083125
7 0.748281 0.344922 0.001621 0.046094
7 0.745200 0.352734 0.001924 0.041406
3 0.541333 0.565117 0.037744 0.136953
7 0.534956 0.607344 0.002861 0.095469
1 0.006440 0.648984 0.012744 0.211562
1 0.046919 0.644492 0.022510 0.233672
1 0.076514 0.796484 0.048145 0.403906
3 0.030747 0.540039 0.027080 0.382422
7 0.210317 0.786289 0.012803 0.418203
7 0.216382 0.881914 0.009561 0.231016
7 0.567573 0.670234 0.005459 0.217031
7 0.757910 0.507656 0.003750 0.114375
7 0.758936 0.574844 0.004961 0.163750
7 0.752295 0.438008 0.003691 0.075547
1 0.996768 0.652617 0.006465 0.226484
7 0.968081 0.611211 0.006709 0.167109
3 0.503701 0.560078 0.017090 0.247969
1 0.502607 0.789531 0.020645 0.294375
