1 0.710244 0.666172 0.010117 0.097969
7 0.438906 0.813359 0.018437 0.372500
7 0.961406 0.536719 0.006875 0.181250
8 0.513823 0.764375 0.030459 0.278594
5 0.513667 0.951523 0.029697 0.096953
7 0.360381 0.696875 0.006777 0.219375
1 0.734443 0.788633 0.013125 0.139297
1 0.752900 0.603906 0.005566 0.056250
1 0.521289 0.677930 0.011914 0.135547
1 0.599385 0.580039 0.010801 0.062109
1 0.717666 0.621172 0.007227 0.075469
1 0.725439 0.630781 0.006641 0.066250
1 0.732686 0.625391 0.005762 0.062812
1 0.740439 0.626289 0.006855 0.057266
1 0.747622 0.626445 0.005693 0.058516
1 0.401899 0.720234 0.033115 0.441406
1 0.772017 0.769453 0.017998 0.195937
3 0.012476 0.492500 0.016201 0.187031
7 0.926646 0.622227 0.012314 0.466172
7 0.939644 0.597305 0.009209 0.300234
