1 0.561333 0.593438 0.016670 0.107031
1 0.594263 0.606641 0.013760 0.089219
7 0.282456 0.558984 0.007158 0.209844
7 0.234331 0.559844 0.007588 0.230469
7 0.107642 0.526523 0.002607 0.136641
7 0.119966 0.528164 0.004053 0.156797
7 0.076841 0.526719 0.002451 0.088594
7 0.092324 0.522070 0.001387 0.105859
7 0.093701 0.522734 0.002559 0.107344
7 0.090610 0.517148 0.001787 0.101953
1 0.007651 0.627148 0.012998 0.112109
1 0.022051 0.591875 0.013438 0.102969
1 0.524819 0.571133 0.019033 0.120234
1 0.386567 0.470508 0.015479 0.097734
8 0.361401 0.516367 0.005889 0.107422
5 0.361855 0.610664 0.012207 0.107266
1 0.040156 0.672109 0.023672 0.259844
1 0.034985 0.527031 0.007705 0.060781
1 0.044707 0.540156 0.010000 0.077187
