1 0.491494 0.858203 0.033516 0.270000
1 0.494976 0.705547 0.025244 0.187656
1 0.545776 0.624961 0.024092 0.174297
1 0.577305 0.652500 0.020547 0.092812
1 0.604077 0.647383 0.018115 0.094297
1 0.629546 0.644648 0.015713 0.084453
1 0.038867 0.580313 0.009160 0.065156
1 0.057769 0.559336 0.009014 0.086016
1 0.130610 0.603711 0.024775 0.129297
8 0.030688 0.602422 0.005303 0.094062
7 0.088462 0.591484 0.005654 0.148281
8 0.345835 0.526367 0.006729 0.117734
8 0.491064 0.633359 0.007070 0.151250
7 0.474272 0.626211 0.004971 0.101328
7 0.478169 0.621172 0.004111 0.096250
