1 0.599819 0.649258 0.020029 0.110703
7 0.885337 0.844180 0.006221 0.268828
1 0.451450 0.563164 0.026045 0.129922
3 0.338442 0.392930 0.028389 0.184453
1 0.386025 0.484414 0.016660 0.098984
8 0.885605 0.218281 0.002656 0.041719
7 0.586890 0.206992 0.004795 0.056172
1 0.022354 0.615000 0.014434 0.117500
1 0.276514 0.884766 0.121191 0.230469
1 0.101934 0.803945 0.083398 0.391328
7 0.439507 0.771016 0.013408 0.429219
7 0.125464 0.480820 0.005068 0.161328
7 0.131416 0.500469 0.004102 0.210156
7 0.094424 0.505078 0.004766 0.129375
7 0.893511 0.761406 0.014150 0.470625
3 0.064014 0.482812 0.065918 0.479687
