1 0.009961 0.709570 0.017832 0.348359
1 0.079248 0.575937 0.016113 0.109687
1 0.162295 0.622266 0.009141 0.087031
1 0.989385 0.450703 0.008047 0.053125
1 0.493462 0.561641 0.005166 0.045469
1 0.496885 0.553359 0.005859 0.038281
1 0.628184 0.525977 0.017520 0.127578
1 0.044688 0.705742 0.039199 0.421172
1 0.510205 0.562500 0.006934 0.059375
7 0.519346 0.768945 0.012676 0.368359
7 0.486328 0.770703 0.015430 0.382031
7 0.339204 0.736875 0.007490 0.204062
7 0.646250 0.548125 0.007090 0.150625
1 0.090591 0.803242 0.068408 0.385859
7 0.563979 0.522031 0.003428 0.115000
7 0.560117 0.525469 0.002949 0.123594
2 0.521670 0.516797 0.008496 0.063281
1 0.151455 0.647695 0.017207 0.114141
1 0.133418 0.596953 0.021426 0.128281
1 0.111577 0.603867 0.023936 0.060859
1 0.098140 0.583672 0.017217 0.101094
1 0.238203 0.898555 0.124570 0.202891
1 0.996646 0.750508 0.006709 0.225078
2 0.486401 0.538203 0.010537 0.128437
