1 0.501138 0.699805 0.021123 0.219766
1 0.705913 0.656055 0.010771 0.095078
3 0.032578 0.543047 0.035352 0.322500
7 0.366743 0.668359 0.004404 0.166406
8 0.363247 0.729727 0.012236 0.171328
5 0.363257 0.885742 0.012549 0.217578
7 0.387568 0.799063 0.007324 0.362969
1 0.726504 0.777227 0.013125 0.139297
1 0.751357 0.594609 0.005566 0.056250
1 0.521860 0.617422 0.015088 0.112500
1 0.578623 0.556523 0.010801 0.062109
1 0.715254 0.620703 0.007227 0.057031
1 0.722510 0.621328 0.006641 0.058594
1 0.729619 0.612891 0.005273 0.062500
1 0.737510 0.613203 0.007324 0.066406
1 0.744834 0.617891 0.005859 0.064844
1 0.408784 0.694063 0.027178 0.414687
1 0.766133 0.764102 0.017305 0.200859
3 0.029883 0.564844 0.036914 0.389063
7 0.881611 0.681094 0.017969 0.645781
7 0.948584 0.591211 0.007441 0.240859
7 0.918940 0.659414 0.011572 0.428828
2 0.005942 0.506641 0.007256 0.116875
3 0.441465 0.554844 0.036523 0.146094
