1 0.979717 0.546641 0.016016 0.120000
1 0.011768 0.588477 0.023535 0.203672
1 0.150806 0.676680 0.019795 0.128047
1 0.956113 0.517266 0.010703 0.080156
1 0.115151 0.624336 0.018330 0.086172
1 0.534863 0.618203 0.013770 0.111094
1 0.065435 0.621289 0.019424 0.094297
1 0.543247 0.555039 0.011670 0.108828
1 0.083081 0.618398 0.018311 0.092266
3 0.543428 0.542734 0.010879 0.121250
1 0.178105 0.696523 0.018555 0.110703
1 0.014849 0.549375 0.022998 0.121094
1 0.525308 0.689414 0.022451 0.229766
7 0.904258 0.494883 0.006836 0.188203
