7 0.404570 0.757070 0.007012 0.269141
2 0.472012 0.586641 0.031348 0.503125
7 0.354536 0.829141 0.007900 0.309844
1 0.093735 0.864062 0.083389 0.271875
1 0.012759 0.803789 0.026006 0.387266
1 0.225664 0.690820 0.016270 0.222266
1 0.986187 0.598867 0.017510 0.202891
3 0.834419 0.501094 0.277529 0.997812
1 0.528467 0.691406 0.023730 0.153125
3 0.516846 0.566406 0.011836 0.199375
1 0.499019 0.756992 0.025420 0.292109
2 0.501802 0.543359 0.012451 0.152188
1 0.993936 0.845586 0.012129 0.308828
1 0.022695 0.591016 0.013301 0.117969
