1 0.467974 0.532383 0.027041 0.161172
1 0.593535 0.521367 0.021602 0.104766
1 0.287168 0.583398 0.018418 0.099141
7 0.645723 0.530742 0.004961 0.067891
8 0.630557 0.510625 0.003906 0.050000
1 0.485005 0.801875 0.054053 0.396250
2 0.406289 0.438086 0.041719 0.231797
1 0.304355 0.548984 0.019707 0.101719
1 0.281465 0.561250 0.012187 0.086406
1 0.290229 0.543945 0.010283 0.053672
1 0.300142 0.546250 0.013975 0.098125
3 0.273071 0.511250 0.023916 0.116250
1 0.266719 0.521797 0.013125 0.074687
7 0.653076 0.559258 0.005840 0.111953
7 0.658389 0.553008 0.006094 0.102422
7 0.012310 0.548555 0.003896 0.120234
7 0.590400 0.516094 0.003906 0.071875
7 0.459893 0.526484 0.005078 0.120313
7 0.466396 0.527109 0.005664 0.117188
7 0.471572 0.524375 0.004102 0.114844
7 0.475527 0.521641 0.003027 0.112500
7 0.489639 0.526719 0.005859 0.116406
7 0.450293 0.522578 0.005664 0.114062
