1 0.710239 0.668438 0.009541 0.092344
7 0.409082 0.806289 0.013008 0.371953
8 0.422910 0.769297 0.027109 0.262500
5 0.421304 0.939180 0.028623 0.121641
7 0.361011 0.689375 0.007158 0.219375
1 0.733906 0.787383 0.013125 0.139297
1 0.752627 0.604922 0.005566 0.056250
1 0.528135 0.620938 0.010137 0.112500
1 0.515576 0.676953 0.016309 0.175781
1 0.591914 0.577148 0.010586 0.062109
1 0.604932 0.567148 0.005762 0.043828
1 0.717666 0.622773 0.007227 0.072266
1 0.725205 0.628477 0.006641 0.068516
1 0.732441 0.624219 0.005762 0.063594
1 0.740176 0.624453 0.006992 0.054531
1 0.747368 0.624531 0.005771 0.061562
1 0.401719 0.713086 0.033125 0.431328
1 0.772046 0.768672 0.017920 0.192969
3 0.016211 0.502852 0.022012 0.227891
7 0.916035 0.640625 0.013457 0.501562
7 0.957681 0.556719 0.007451 0.223438
7 0.935303 0.602539 0.010098 0.329766
2 0.004116 0.482422 0.006025 0.105000
3 0.432813 0.560820 0.026172 0.158047
