8 0.389639 0.679453 0.006191 0.119531
5 0.389521 0.762773 0.006641 0.079141
7 0.384023 0.653945 0.005117 0.124609
7 0.396748 0.732461 0.005859 0.227734
1 0.740381 0.599453 0.006348 0.041406
1 0.509033 0.653906 0.016875 0.151875
1 0.432661 0.661172 0.023115 0.303594
1 0.738638 0.767969 0.014834 0.190312
3 0.172026 0.500000 0.299717 1.000000
7 0.695669 0.681719 0.019111 0.649063
7 0.910161 0.677305 0.013428 0.450234
7 0.815020 0.705469 0.017871 0.619688
2 0.009775 0.490273 0.011738 0.169609
1 0.493140 0.747617 0.024229 0.262578
3 0.458042 0.558945 0.032314 0.126953
1 0.690830 0.780508 0.015996 0.150703
1 0.701133 0.619336 0.006484 0.055078
1 0.709819 0.618828 0.006729 0.050156
1 0.717300 0.617578 0.007002 0.050781
1 0.724902 0.617578 0.006445 0.044531
1 0.732275 0.612891 0.006348 0.050781
1 0.574023 0.561914 0.008437 0.048984
