1 0.053135 0.575859 0.008086 0.071250
1 0.648398 0.673516 0.016309 0.127656
1 0.991875 0.791289 0.015957 0.419453
7 0.235127 0.558945 0.004258 0.097891
7 0.486304 0.629297 0.003213 0.080469
7 0.482529 0.623438 0.002930 0.060937
7 0.313467 0.506406 0.003437 0.105313
7 0.317285 0.503945 0.002871 0.120391
1 0.526587 0.683711 0.025146 0.114609
1 0.007642 0.756484 0.014131 0.428594
1 0.604912 0.667578 0.023887 0.127344
8 0.469326 0.641094 0.010547 0.128125
8 0.561670 0.649414 0.009277 0.169141
7 0.082490 0.610156 0.004668 0.123437
7 0.150654 0.566953 0.004414 0.100469
