1 0.384272 0.699063 0.019346 0.151875
1 0.427998 0.708750 0.029102 0.187188
2 0.013462 0.538789 0.026924 0.233672
7 0.018491 0.603594 0.004072 0.119375
7 0.485464 0.600703 0.002998 0.125156
7 0.738125 0.495859 0.003027 0.110000
7 0.983184 0.574883 0.002148 0.092578
8 0.972554 0.582109 0.004502 0.102812
5 0.972681 0.610313 0.003701 0.068125
1 0.591089 0.585391 0.038232 0.247969
7 0.563784 0.783594 0.014443 0.438125
7 0.680420 0.739336 0.015977 0.521328
7 0.948672 0.585234 0.005352 0.149844
7 0.071455 0.666602 0.006621 0.220703
7 0.032407 0.626602 0.004990 0.178984
7 0.404927 0.706289 0.005654 0.232266
5 0.393940 0.748242 0.007822 0.084766
8 0.393960 0.696992 0.005439 0.182422
7 0.490679 0.584414 0.002471 0.096953
7 0.753911 0.457148 0.002822 0.084141
5 0.835703 0.466055 0.004121 0.071328
8 0.835620 0.423125 0.003701 0.102500
