1 0.030356 0.656797 0.018389 0.172031
1 0.452227 0.615547 0.009492 0.054375
1 0.501616 0.637539 0.011826 0.122891
1 0.472983 0.702852 0.018916 0.201953
1 0.027900 0.533086 0.005527 0.049453
1 0.872900 0.485391 0.020020 0.102969
1 0.080293 0.790781 0.072031 0.417188
1 0.454531 0.823633 0.036660 0.346953
1 0.338281 0.795313 0.160547 0.396875
1 0.857437 0.451250 0.017295 0.101250
2 0.842671 0.418125 0.021240 0.129375
1 0.498887 0.865625 0.041855 0.268750
2 0.018203 0.486250 0.014531 0.204375
1 0.006006 0.555859 0.009941 0.095469
