1 0.386719 0.859063 0.068945 0.281875
1 0.382729 0.692617 0.023799 0.148672
2 0.047583 0.565312 0.027979 0.207969
7 0.012944 0.594805 0.004385 0.118203
1 0.457192 0.715820 0.039307 0.217734
7 0.472119 0.604883 0.003105 0.122109
7 0.490591 0.584141 0.002998 0.082344
7 0.741035 0.484883 0.003027 0.103828
1 0.996875 0.589453 0.006250 0.078906
7 0.968877 0.565273 0.002148 0.093047
7 0.963779 0.554531 0.002441 0.082187
8 0.976348 0.596328 0.004863 0.116250
5 0.976587 0.655508 0.005479 0.121641
1 0.559092 0.614648 0.042598 0.286016
7 0.624033 0.749141 0.012500 0.452969
7 0.602041 0.767969 0.014160 0.464063
7 0.943818 0.559297 0.004199 0.131406
7 0.052222 0.624648 0.006611 0.174141
7 0.020537 0.607187 0.004629 0.148906
7 0.399888 0.662852 0.005166 0.142891
7 0.485029 0.602852 0.002891 0.108984
7 0.753467 0.464375 0.002832 0.084375
5 0.842246 0.445312 0.004375 0.055156
8 0.842432 0.410234 0.003086 0.087344
