1 0.028657 0.652031 0.017041 0.142031
1 0.084980 0.648086 0.015820 0.100859
1 0.457891 0.612422 0.009492 0.054375
1 0.502383 0.632812 0.011582 0.119375
1 0.473779 0.698086 0.018594 0.204609
1 0.031396 0.555195 0.008066 0.072891
1 0.873989 0.488750 0.019521 0.103125
1 0.070234 0.797266 0.057070 0.405469
1 0.453574 0.820117 0.038438 0.357109
1 0.339111 0.787734 0.162793 0.408281
1 0.857437 0.451250 0.017295 0.101250
2 0.842671 0.418125 0.021240 0.129375
1 0.498887 0.865625 0.041855 0.268750
2 0.016934 0.482539 0.014531 0.209609
1 0.005933 0.551094 0.009365 0.085938
