7 0.420508 0.751211 0.008145 0.285078
7 0.431050 0.696367 0.007119 0.191641
8 0.201172 0.707461 0.009375 0.303828
6 0.707021 0.567617 0.008809 0.225703
6 0.701260 0.579219 0.010371 0.233750
1 0.709316 0.433828 0.013828 0.153906
5 0.669736 0.590391 0.012910 0.234844
5 0.639019 0.524141 0.011982 0.196406
6 0.686787 0.532891 0.011855 0.220625
7 0.646357 0.720312 0.023496 0.559375
8 0.192876 0.709844 0.008779 0.313125
7 0.513267 0.649609 0.005635 0.153906
7 0.522705 0.614453 0.005176 0.128906
5 0.195884 0.782891 0.024639 0.199063
