1 0.966372 0.610586 0.017861 0.107422
7 0.951689 0.655273 0.007090 0.192891
7 0.337090 0.614766 0.004902 0.141875
8 0.524707 0.506406 0.009180 0.199219
7 0.534731 0.500547 0.003721 0.161562
7 0.539702 0.493789 0.004404 0.176641
7 0.006792 0.608203 0.003604 0.141406
7 0.635000 0.507461 0.004785 0.133516
7 0.642324 0.517227 0.005762 0.149922
5 0.825146 0.941016 0.026270 0.117969
7 0.822500 0.794219 0.013867 0.354375
1 0.490244 0.433359 0.006074 0.058125
1 0.373906 0.618398 0.020605 0.114922
1 0.399395 0.623125 0.019629 0.110156
1 0.421025 0.579375 0.012695 0.052344
