1 0.447520 0.784258 0.035469 0.348672
1 0.480083 0.593945 0.010889 0.084453
1 0.466650 0.649844 0.015020 0.122813
1 0.472046 0.606133 0.012764 0.105078
7 0.410591 0.728633 0.006396 0.234453
7 0.853726 0.668203 0.013896 0.403594
7 0.040391 0.505430 0.003047 0.075547
7 0.753037 0.449141 0.005000 0.132344
5 0.937773 0.522109 0.008574 0.079844
5 0.937266 0.522031 0.007852 0.083437
6 0.976289 0.537695 0.003027 0.073672
8 0.976621 0.510352 0.003398 0.143359
7 0.818228 0.450391 0.004268 0.067188
7 0.735352 0.419609 0.003516 0.106875
