1 0.317866 0.813008 0.101846 0.341484
1 0.006177 0.544141 0.012334 0.111875
1 0.490366 0.620508 0.009502 0.086797
1 0.479634 0.669805 0.014326 0.128672
2 0.033408 0.485195 0.030469 0.519766
1 0.686523 0.409922 0.017773 0.149531
7 0.870161 0.785937 0.019053 0.428125
7 0.977539 0.558437 0.006406 0.176875
7 0.547549 0.678203 0.007637 0.211875
7 0.532163 0.647813 0.004268 0.133594
8 0.447285 0.708320 0.006836 0.169453
1 0.065000 0.564375 0.014648 0.099219
1 0.076934 0.583672 0.010937 0.087500
1 0.096240 0.590859 0.017285 0.154687
1 0.112080 0.635000 0.016504 0.144531
1 0.147969 0.669102 0.023770 0.182266
1 0.174146 0.694375 0.024873 0.170000
