1 0.040444 0.579805 0.008955 0.113828
1 0.492915 0.583359 0.008271 0.077344
1 0.053530 0.679180 0.028291 0.219453
1 0.170161 0.871641 0.096963 0.252031
1 0.353262 0.698359 0.017441 0.115469
7 0.977993 0.540625 0.005439 0.121875
1 0.034424 0.598867 0.008691 0.130391
1 0.371245 0.810703 0.061221 0.378594
1 0.472441 0.660391 0.012988 0.128750
1 0.008350 0.785195 0.016641 0.379141
1 0.506968 0.642305 0.017100 0.200234
1 0.023242 0.664922 0.020156 0.203281
1 0.011274 0.545234 0.012373 0.104687
7 0.984863 0.546602 0.004063 0.118047
1 0.430581 0.810781 0.045713 0.368750
