1 0.311079 0.854219 0.087217 0.291562
1 0.376025 0.739531 0.023340 0.124062
1 0.461777 0.767617 0.026914 0.270391
1 0.034229 0.602461 0.010937 0.091641
3 0.049575 0.561875 0.029033 0.257031
1 0.025591 0.608555 0.010596 0.077734
2 0.022461 0.509531 0.007227 0.101250
1 0.077017 0.723984 0.026240 0.239531
7 0.983838 0.589102 0.005273 0.187422
1 0.292378 0.771758 0.034854 0.208359
2 0.135630 0.690586 0.049189 0.186016
1 0.176099 0.758320 0.030947 0.168672
1 0.214448 0.772852 0.030088 0.176953
1 0.253726 0.791523 0.027939 0.155703
