1 0.251572 0.681016 0.029570 0.153438
1 0.995620 0.671953 0.008955 0.200469
2 0.033765 0.506719 0.020264 0.258750
7 0.643193 0.771523 0.012422 0.453828
1 0.480332 0.584336 0.008652 0.094141
7 0.555474 0.618437 0.004248 0.153125
7 0.549551 0.632188 0.003789 0.158438
7 0.537583 0.604531 0.002432 0.150625
7 0.534546 0.600234 0.002432 0.153906
1 0.716641 0.388516 0.012344 0.052812
1 0.004971 0.667539 0.008691 0.217109
1 0.411855 0.784258 0.049063 0.396641
1 0.074629 0.786289 0.060078 0.413984
7 0.984888 0.543164 0.002783 0.098047
1 0.465884 0.602969 0.012314 0.152656
