1 0.692944 0.492188 0.015596 0.111875
7 0.487383 0.581953 0.005898 0.113125
7 0.709263 0.458320 0.005225 0.098047
7 0.500835 0.596445 0.007236 0.105547
8 0.505215 0.592461 0.008906 0.093672
1 0.105767 0.822227 0.070635 0.356016
1 0.508291 0.862031 0.038691 0.246250
1 0.011299 0.755781 0.023262 0.351094
1 0.987393 0.806641 0.024160 0.386719
1 0.009751 0.651016 0.017002 0.175781
1 0.040161 0.720000 0.045889 0.375156
1 0.626616 0.574297 0.025361 0.152344
1 0.648057 0.543945 0.018262 0.117734
7 0.514429 0.592422 0.005400 0.102969
7 0.956187 0.589492 0.006338 0.200078
7 0.225962 0.790820 0.012900 0.413047
8 0.514297 0.588672 0.006719 0.095313
7 0.788330 0.452383 0.005566 0.113359
1 0.604502 0.528281 0.036582 0.251250
