1 0.157656 0.582383 0.008809 0.055391
7 0.555498 0.375000 0.002148 0.037344
1 0.243364 0.914258 0.106494 0.171484
1 0.089712 0.590039 0.011299 0.151172
1 0.103818 0.599883 0.015977 0.154141
1 0.121895 0.638281 0.019316 0.138281
1 0.141719 0.642578 0.019375 0.142344
1 0.163364 0.690195 0.024424 0.181016
1 0.185894 0.712031 0.021865 0.163906
1 0.221172 0.649609 0.008535 0.077812
1 0.205093 0.653789 0.008506 0.081016
1 0.501924 0.826211 0.034160 0.323672
1 0.444268 0.801523 0.051621 0.389141
1 0.245596 0.818477 0.076680 0.345234
7 0.553462 0.674609 0.008018 0.284844
1 0.615269 0.529961 0.019131 0.111172
7 0.553555 0.560742 0.003359 0.113984
7 0.368975 0.700352 0.005195 0.197109
1 0.172842 0.573789 0.008750 0.076484
8 0.955947 0.388281 0.005254 0.078125
3 0.992974 0.416211 0.013701 0.178047
1 0.472769 0.641133 0.007588 0.065234
