7 0.379424 0.806641 0.009336 0.317656
1 0.553047 0.582930 0.007988 0.083047
2 0.444556 0.543633 0.071143 0.912734
7 0.275439 0.819844 0.012266 0.360313
1 0.484268 0.684961 0.009922 0.104453
1 0.034229 0.665156 0.018652 0.211719
1 0.012310 0.802031 0.024756 0.391719
1 0.190200 0.698984 0.021162 0.237031
1 0.985737 0.599531 0.018057 0.205937
3 0.806821 0.501250 0.324971 0.997500
1 0.526489 0.683789 0.021533 0.144922
3 0.516201 0.560508 0.010586 0.186328
1 0.501074 0.748633 0.025410 0.295703
2 0.501963 0.546094 0.012305 0.150156
1 0.994141 0.845586 0.011719 0.308828
1 0.018018 0.569531 0.008691 0.081250
