1 0.018398 0.586172 0.010938 0.086875
1 0.387886 0.780039 0.038076 0.227422
1 0.501709 0.638867 0.012500 0.123828
1 0.473955 0.703945 0.020508 0.220547
1 0.083208 0.688164 0.034170 0.218516
1 0.873311 0.486758 0.019648 0.107578
1 0.197495 0.835508 0.064541 0.328984
1 0.035312 0.689336 0.027109 0.245234
1 0.447935 0.813789 0.039248 0.370234
1 0.260737 0.781836 0.172725 0.427891
1 0.857437 0.451250 0.017295 0.101250
2 0.842671 0.418125 0.021240 0.129375
1 0.498887 0.865625 0.041855 0.268750
2 0.014028 0.483047 0.010361 0.144375
1 0.005791 0.535117 0.007344 0.056172
