1 0.078237 0.582578 0.011943 0.073906
8 0.162847 0.698477 0.006982 0.224141
5 0.162612 0.762109 0.007666 0.144844
7 0.434434 0.672461 0.004238 0.144297
7 0.471128 0.616055 0.003467 0.093984
7 0.461821 0.635273 0.003662 0.098828
7 0.461230 0.646875 0.003867 0.115000
7 0.546611 0.621758 0.004395 0.144453
7 0.541826 0.629375 0.004102 0.147500
7 0.535703 0.615352 0.003887 0.124141
1 0.925449 0.840156 0.071602 0.319688
5 0.873374 0.640039 0.012822 0.148359
1 0.019209 0.808086 0.038418 0.383828
1 0.004419 0.576641 0.008701 0.106406
7 0.103955 0.674297 0.005352 0.216562
1 0.020181 0.593555 0.013447 0.116953
1 0.509126 0.846719 0.043428 0.306562
1 0.520986 0.626133 0.010117 0.082578
1 0.505405 0.666484 0.016514 0.126719
5 0.920576 0.597969 0.011191 0.113906
5 0.914648 0.603438 0.010547 0.110781
5 0.900122 0.608672 0.012471 0.133750
