1 0.476650 0.531641 0.027051 0.161250
1 0.598477 0.520898 0.020898 0.101484
1 0.283213 0.579766 0.017891 0.096406
7 0.646250 0.530977 0.004961 0.067891
8 0.631367 0.512422 0.003906 0.050000
1 0.484995 0.801680 0.053994 0.396641
2 0.405884 0.437852 0.041475 0.231328
1 0.305615 0.549219 0.019922 0.102969
1 0.281973 0.561289 0.012324 0.086328
1 0.290317 0.544063 0.010400 0.054375
1 0.300142 0.546250 0.013975 0.098125
3 0.273047 0.511563 0.023984 0.116250
1 0.266934 0.521914 0.013125 0.074766
7 0.653076 0.559258 0.005840 0.111953
7 0.658389 0.553008 0.006094 0.102422
7 0.011968 0.549531 0.003896 0.120625
7 0.589746 0.516172 0.003906 0.071875
7 0.459893 0.526484 0.005078 0.120313
7 0.466396 0.527109 0.005664 0.117188
7 0.471572 0.524375 0.004102 0.114844
7 0.475527 0.521641 0.003027 0.112500
7 0.489639 0.526719 0.005859 0.116406
7 0.450293 0.522578 0.005664 0.114062
