1 0.022227 0.613672 0.013457 0.109219
1 0.393247 0.832891 0.061670 0.334219
1 0.501831 0.636602 0.012803 0.112891
1 0.473101 0.700859 0.019951 0.211875
1 0.048184 0.597031 0.013848 0.115000
1 0.872793 0.486016 0.019512 0.105000
1 0.050229 0.780273 0.034990 0.319297
1 0.450557 0.832148 0.036445 0.329297
1 0.300376 0.790625 0.158975 0.418750
1 0.857437 0.451250 0.017295 0.101250
2 0.842671 0.418125 0.021240 0.129375
1 0.498887 0.865625 0.041855 0.268750
2 0.015200 0.481836 0.012217 0.173359
1 0.005854 0.541797 0.008193 0.068594
