7 0.035283 0.503047 0.002344 0.051562
7 0.026548 0.519531 0.002275 0.065781
1 0.598071 0.646641 0.018076 0.102656
1 0.578540 0.662227 0.025850 0.147422
1 0.426211 0.536016 0.024395 0.135312
1 0.374736 0.460352 0.014297 0.100547
7 0.584482 0.199297 0.003398 0.037500
5 0.726953 0.132578 0.010449 0.091562
8 0.726343 0.086992 0.006807 0.151641
1 0.102104 0.805000 0.084912 0.387187
1 0.044399 0.724063 0.033916 0.312656
1 0.055596 0.587969 0.017012 0.215469
3 0.205781 0.519258 0.286367 0.960703
1 0.273574 0.895664 0.121309 0.208672
7 0.353945 0.476016 0.003398 0.105000
7 0.903677 0.209844 0.004443 0.126562
7 0.981768 0.616055 0.005957 0.187422
7 0.886851 0.846836 0.009092 0.285078
7 0.895811 0.756563 0.011016 0.486875
