1 0.033442 0.589570 0.010635 0.099453
2 0.446045 0.602734 0.031934 0.418281
7 0.099531 0.700625 0.005195 0.220781
1 0.057964 0.690039 0.022607 0.190234
1 0.496191 0.582344 0.005273 0.057188
1 0.005933 0.645430 0.011963 0.213516
1 0.474648 0.682031 0.021387 0.222500
1 0.285103 0.907578 0.121592 0.215625
7 0.957275 0.580937 0.005566 0.238906
7 0.962144 0.585078 0.005303 0.265000
7 0.984761 0.501445 0.003174 0.078828
7 0.080225 0.664453 0.004785 0.169531
1 0.014390 0.576211 0.007686 0.084453
1 0.487446 0.612187 0.008955 0.109531
