1 0.397534 0.828789 0.041084 0.295234
1 0.487593 0.667734 0.015127 0.156719
1 0.009131 0.768125 0.018262 0.329375
1 0.508535 0.650039 0.013008 0.206172
1 0.304531 0.884102 0.073789 0.251172
1 0.038062 0.718633 0.023955 0.227109
1 0.006089 0.580508 0.011514 0.090547
1 0.018706 0.578711 0.009092 0.078516
2 0.113418 0.633008 0.073906 0.733984
7 0.697153 0.741523 0.014482 0.513828
7 0.887866 0.719102 0.015674 0.533203
7 0.640181 0.722109 0.014736 0.554063
7 0.563882 0.792930 0.014229 0.414141
1 0.232812 0.784531 0.066992 0.427344
3 0.043726 0.534023 0.018682 0.147422
7 0.307744 0.727578 0.006133 0.083906
1 0.456826 0.814766 0.041914 0.361250
