1 0.709951 0.667812 0.010098 0.095313
7 0.500200 0.806211 0.021084 0.383672
7 0.964746 0.548398 0.006035 0.153047
8 0.594204 0.681328 0.012373 0.305781
5 0.595264 0.791680 0.012207 0.285078
7 0.359404 0.708516 0.006191 0.219375
1 0.735059 0.791719 0.013125 0.139375
1 0.753350 0.602188 0.005566 0.056250
1 0.528921 0.650977 0.011924 0.105703
1 0.513760 0.623594 0.008984 0.051563
1 0.717783 0.621094 0.007227 0.076406
1 0.725820 0.634727 0.006641 0.062422
1 0.733101 0.627422 0.005752 0.061562
1 0.740801 0.628711 0.006484 0.060703
1 0.748052 0.629648 0.005557 0.053516
1 0.386621 0.728125 0.058203 0.543750
1 0.772017 0.770039 0.018213 0.191016
3 0.008374 0.486094 0.010400 0.144844
7 0.938369 0.596328 0.009902 0.373281
7 0.946621 0.560312 0.007715 0.273750
