1 0.382808 0.726758 0.025303 0.226484
1 0.694229 0.594336 0.011973 0.083672
7 0.178906 0.780469 0.007617 0.332813
1 0.765703 0.617813 0.008828 0.057969
1 0.817554 0.733125 0.021826 0.161563
7 0.620332 0.608398 0.006855 0.223672
1 0.786567 0.780000 0.018721 0.150000
1 0.746948 0.668633 0.011045 0.091797
1 0.736167 0.675039 0.009209 0.084609
1 0.757915 0.628633 0.008213 0.048672
1 0.749976 0.615781 0.007939 0.042969
1 0.743018 0.614844 0.007578 0.046094
1 0.533105 0.668516 0.021875 0.247969
1 0.543506 0.591758 0.016895 0.117891
