1 0.503877 0.628008 0.012012 0.100859
1 0.364194 0.740664 0.026768 0.178203
7 0.539453 0.650312 0.005859 0.169687
8 0.982471 0.553555 0.004863 0.137891
1 0.007075 0.611016 0.012979 0.176094
1 0.485757 0.640742 0.010518 0.116172
1 0.071064 0.802422 0.045527 0.377031
1 0.030479 0.626875 0.014551 0.152813
1 0.503203 0.786211 0.029746 0.338984
1 0.074048 0.580742 0.014736 0.118516
2 0.191577 0.667813 0.064639 0.401563
1 0.115225 0.652031 0.027246 0.182656
1 0.467148 0.742422 0.030820 0.265937
1 0.345127 0.862891 0.099766 0.241875
