1 0.476333 0.653906 0.013584 0.109687
1 0.040210 0.646406 0.034736 0.227031
1 0.336343 0.690156 0.023408 0.128594
1 0.604785 0.647656 0.015801 0.121250
1 0.546919 0.652773 0.025342 0.185234
1 0.295078 0.636328 0.011113 0.099375
1 0.309556 0.627852 0.012998 0.133828
1 0.428564 0.688672 0.022168 0.116406
1 0.916494 0.796445 0.044473 0.432578
1 0.598564 0.835078 0.035410 0.304375
2 0.334648 0.572734 0.022617 0.156094
7 0.685503 0.701562 0.009775 0.359687
7 0.699102 0.721172 0.009355 0.401563
1 0.166201 0.634141 0.016895 0.090313
7 0.928618 0.523672 0.006455 0.146094
