1 0.966597 0.609609 0.017725 0.106563
7 0.950835 0.659844 0.007041 0.198437
7 0.338657 0.614336 0.004678 0.141016
8 0.526274 0.496250 0.009170 0.199219
7 0.534712 0.500938 0.003662 0.161875
7 0.539702 0.493437 0.004404 0.176562
7 0.007227 0.625781 0.002500 0.114844
7 0.636465 0.513711 0.004785 0.133516
7 0.644375 0.519531 0.005762 0.135938
5 0.827734 0.932422 0.031445 0.135156
7 0.825664 0.772969 0.013867 0.285625
1 0.490244 0.433359 0.006074 0.058125
1 0.373906 0.618398 0.020605 0.114922
1 0.399395 0.623125 0.019629 0.110156
1 0.421025 0.579375 0.012695 0.052344
