1 0.443633 0.698320 0.024453 0.265391
1 0.077187 0.696602 0.022051 0.195859
1 0.418667 0.730273 0.027861 0.188828
1 0.006309 0.656367 0.012441 0.211797
1 0.042500 0.632031 0.016934 0.177344
1 0.489619 0.601992 0.010215 0.113359
1 0.470791 0.740000 0.026230 0.277187
1 0.113511 0.717148 0.033525 0.238047
1 0.354482 0.806367 0.041602 0.249609
7 0.543472 0.627383 0.005459 0.169609
7 0.537842 0.611523 0.006406 0.149453
7 0.948096 0.578164 0.008633 0.257578
3 0.054873 0.544727 0.023418 0.208516
1 0.213960 0.800391 0.081240 0.392813
1 0.177871 0.717734 0.014512 0.122969
1 0.191616 0.709570 0.011963 0.106641
1 0.203003 0.688750 0.009775 0.089219
7 0.409268 0.654297 0.005488 0.103906
1 0.020771 0.616016 0.011367 0.105781
1 0.495439 0.579531 0.006582 0.075156
