1 0.507041 0.529141 0.027051 0.161250
1 0.611514 0.520469 0.017656 0.091563
1 0.270034 0.567969 0.016064 0.086875
7 0.648115 0.531992 0.004961 0.067891
8 0.634268 0.516094 0.003906 0.050000
1 0.484956 0.801016 0.053740 0.397969
2 0.404448 0.439219 0.040654 0.234063
1 0.311719 0.549961 0.020625 0.107578
1 0.283857 0.561250 0.012773 0.086562
1 0.290640 0.544297 0.010811 0.056875
1 0.300142 0.546250 0.013975 0.098125
3 0.272944 0.512539 0.024229 0.116172
1 0.267686 0.522461 0.013125 0.074766
7 0.653076 0.559258 0.005840 0.111953
7 0.658389 0.553008 0.006094 0.102422
7 0.010781 0.552930 0.003867 0.122578
7 0.587471 0.516406 0.003906 0.071875
7 0.459893 0.526484 0.005078 0.120313
7 0.466396 0.527109 0.005664 0.117188
7 0.471572 0.524375 0.004102 0.114844
7 0.475527 0.521641 0.003027 0.112500
7 0.489639 0.526719 0.005859 0.116406
7 0.450293 0.522578 0.005664 0.114062
