7 0.885635 0.420937 0.002949 0.078437
1 0.676372 0.516797 0.007295 0.087500
7 0.090835 0.635469 0.005264 0.129219
7 0.905205 0.492148 0.005566 0.121172
8 0.935186 0.494922 0.005273 0.118750
3 0.739033 0.410781 0.012891 0.100781
7 0.567510 0.741797 0.010723 0.376250
8 0.545210 0.789062 0.017217 0.421875
1 0.512012 0.837500 0.041602 0.325000
1 0.705337 0.502305 0.015986 0.118047
7 0.694565 0.571055 0.009443 0.227578
1 0.684575 0.525000 0.010322 0.114844
1 0.644448 0.545937 0.024170 0.164062
1 0.612876 0.572773 0.030361 0.209141
1 0.564897 0.635234 0.032412 0.173438
7 0.749927 0.430742 0.003193 0.072891
1 0.445269 0.811016 0.043193 0.332344
7 0.403550 0.698359 0.007100 0.207500
1 0.075488 0.631406 0.017988 0.094531
