1 0.965601 0.608711 0.018115 0.109609
7 0.019048 0.558633 0.001904 0.047578
7 0.945112 0.670391 0.007256 0.213281
7 0.348491 0.616406 0.005381 0.176563
8 0.542876 0.472031 0.009170 0.199219
7 0.534600 0.503320 0.003262 0.163672
7 0.539702 0.491289 0.004404 0.176641
7 0.002065 0.608984 0.002314 0.082031
7 0.644570 0.520742 0.004785 0.133516
7 0.650137 0.514062 0.005762 0.135937
5 0.861152 0.917500 0.030469 0.165000
7 0.859609 0.811797 0.019648 0.376406
1 0.490244 0.433359 0.006074 0.058125
1 0.373906 0.618398 0.020605 0.114922
1 0.399395 0.623125 0.019629 0.110156
1 0.421025 0.579375 0.012695 0.052344
