1 0.986455 0.633750 0.019629 0.114063
1 0.992822 0.606445 0.014355 0.119922
7 0.150781 0.687773 0.005605 0.184297
7 0.178760 0.597578 0.006543 0.166875
7 0.184678 0.589063 0.006523 0.171406
7 0.248403 0.672227 0.004795 0.103828
7 0.255269 0.670039 0.004326 0.102109
7 0.778579 0.631641 0.008643 0.261719
7 0.770166 0.629570 0.006914 0.263828
7 0.764092 0.627461 0.007656 0.246641
7 0.860664 0.753828 0.015781 0.489219
6 0.720483 0.784141 0.008018 0.279844
6 0.949370 0.836875 0.013193 0.326250
6 0.731670 0.711094 0.006582 0.200469
6 0.735840 0.683906 0.005391 0.167031
6 0.851689 0.864531 0.007109 0.270938
6 0.847729 0.865039 0.006182 0.267578
6 0.840962 0.863047 0.006865 0.273906
6 0.820796 0.845313 0.017002 0.309375
