1 0.518618 0.673945 0.014814 0.164297
1 0.611011 0.574688 0.023506 0.120000
1 0.514722 0.627383 0.016299 0.112578
7 0.712388 0.502109 0.004209 0.085156
7 0.293701 0.778359 0.016504 0.443281
7 0.927202 0.732969 0.010850 0.413125
1 0.643784 0.547227 0.016670 0.117891
1 0.691445 0.515703 0.009531 0.092344
7 0.654614 0.564961 0.005029 0.117422
8 0.534453 0.641992 0.005703 0.160859
1 0.669790 0.528750 0.016533 0.132969
1 0.459937 0.623477 0.014033 0.081328
1 0.467222 0.621484 0.007158 0.085156
7 0.509033 0.634961 0.004590 0.135547
7 0.558447 0.636523 0.006738 0.159766
1 0.551226 0.611172 0.019521 0.102500
1 0.581968 0.591406 0.020088 0.107812
7 0.009053 0.618555 0.004941 0.152422
1 0.617627 0.531250 0.004199 0.054688
