7 0.831216 0.530938 0.003975 0.133437
3 0.587476 0.577695 0.030029 0.148984
7 0.552095 0.607695 0.003408 0.129922
1 0.476338 0.587187 0.008105 0.067500
1 0.005098 0.627852 0.009551 0.163984
1 0.023550 0.562070 0.011006 0.093516
1 0.031597 0.611563 0.015596 0.172187
7 0.109243 0.611133 0.007646 0.213984
7 0.109072 0.648203 0.005723 0.137656
7 0.599619 0.721094 0.008945 0.353906
7 0.821494 0.498359 0.003242 0.106406
7 0.980288 0.574570 0.004365 0.101016
3 0.499341 0.562813 0.014990 0.236563
1 0.499863 0.795742 0.022969 0.293828
