7 0.301914 0.657188 0.005273 0.200781
7 0.790283 0.484570 0.003437 0.090703
7 0.771377 0.467109 0.003262 0.101094
7 0.351318 0.641406 0.004980 0.182812
5 0.829409 0.797852 0.024268 0.258203
6 0.121191 0.783594 0.010410 0.283594
8 0.897021 0.539844 0.004043 0.093438
1 0.404023 0.658750 0.014668 0.185781
1 0.391030 0.627891 0.010498 0.092969
1 0.640557 0.685586 0.020527 0.222266
1 0.270439 0.697422 0.041504 0.244062
7 0.025586 0.585977 0.007227 0.226641
7 0.692881 0.564766 0.004258 0.082656
8 0.167134 0.712070 0.020811 0.330859
5 0.167080 0.787578 0.020332 0.175781
5 0.849053 0.861406 0.012598 0.275000
8 0.123726 0.702617 0.012158 0.445391
