1 0.469531 0.606289 0.013926 0.108672
1 0.017563 0.641289 0.029170 0.188516
1 0.314160 0.659062 0.025586 0.147500
1 0.607603 0.627891 0.015381 0.121719
1 0.541245 0.623594 0.026201 0.190156
1 0.291675 0.628672 0.011123 0.099375
1 0.306304 0.621719 0.012998 0.133750
1 0.410469 0.628125 0.022168 0.116406
1 0.919473 0.821211 0.042988 0.390547
1 0.602803 0.824648 0.035918 0.311328
2 0.318555 0.536563 0.022617 0.156094
7 0.704473 0.723516 0.011367 0.392344
7 0.713804 0.743828 0.009893 0.436094
1 0.157402 0.626094 0.016895 0.090313
7 0.926050 0.572969 0.006455 0.146094
