1 0.028682 0.573164 0.011172 0.123359
1 0.048994 0.660195 0.019004 0.121953
1 0.157402 0.884531 0.082852 0.225313
1 0.440444 0.771289 0.034346 0.309766
1 0.996108 0.544844 0.007783 0.093281
5 0.967686 0.581016 0.005059 0.104219
7 0.364912 0.720000 0.004746 0.163438
7 0.279941 0.764063 0.007344 0.267188
7 0.208013 0.662266 0.006650 0.151094
7 0.195229 0.672031 0.005576 0.181875
7 0.287974 0.702422 0.006768 0.144687
7 0.327109 0.637773 0.003906 0.103047
7 0.331406 0.646836 0.005352 0.085859
2 0.023779 0.522109 0.013184 0.100469
7 0.118589 0.629492 0.004229 0.107422
5 0.188003 0.684453 0.004463 0.092344
5 0.172891 0.672891 0.003887 0.105156
