7 0.865469 0.465625 0.004043 0.124688
7 0.848442 0.430937 0.004229 0.103125
5 0.778306 0.849297 0.011689 0.301406
7 0.996914 0.556406 0.003652 0.110781
1 0.514243 0.637813 0.010068 0.136562
1 0.499868 0.665156 0.013916 0.118906
1 0.722974 0.521836 0.013389 0.101641
1 0.601309 0.779883 0.041289 0.308828
1 0.466138 0.685742 0.023896 0.170547
7 0.001460 0.546289 0.002920 0.118359
7 0.144287 0.696133 0.011855 0.335078
1 0.024575 0.574023 0.014521 0.092109
7 0.755957 0.517773 0.004258 0.082578
7 0.439106 0.681406 0.005869 0.154531
5 0.864087 0.811172 0.011768 0.336875
5 0.822632 0.840938 0.015381 0.318125
5 0.805869 0.841523 0.016230 0.315859
8 0.382441 0.764336 0.015000 0.266641
5 0.381611 0.837969 0.014316 0.137188
5 0.792739 0.848945 0.014502 0.297578
6 0.901084 0.702344 0.012090 0.259375
8 0.342539 0.776211 0.011016 0.408516
