1 0.481465 0.795742 0.051934 0.408516
2 0.408999 0.427109 0.038779 0.236250
1 0.560112 0.535078 0.021064 0.107344
1 0.373213 0.569141 0.023418 0.135625
1 0.305708 0.552188 0.014951 0.082500
1 0.327515 0.559492 0.020244 0.101484
3 0.273765 0.512891 0.030381 0.135313
1 0.276528 0.542734 0.013115 0.084219
7 0.642529 0.567695 0.005840 0.111953
7 0.653955 0.541836 0.006113 0.102422
8 0.625879 0.514844 0.005469 0.053125
7 0.992432 0.588828 0.005371 0.179688
7 0.561709 0.518594 0.003906 0.071875
7 0.457334 0.529687 0.005078 0.120312
7 0.464121 0.528828 0.005664 0.117188
7 0.469590 0.524609 0.004102 0.114844
7 0.473525 0.523906 0.003027 0.112500
7 0.485156 0.526719 0.005859 0.116406
7 0.447686 0.524453 0.005664 0.114063
