7 0.895303 0.446094 0.002949 0.078437
3 0.412617 0.594883 0.045977 0.323984
1 0.629595 0.542695 0.008916 0.116641
7 0.100342 0.632461 0.005273 0.106953
7 0.887197 0.458086 0.005566 0.121172
8 0.915518 0.454375 0.005273 0.118750
3 0.743350 0.386406 0.007012 0.074063
7 0.519800 0.645898 0.011338 0.163047
8 0.545210 0.789062 0.017217 0.421875
1 0.512012 0.837500 0.041602 0.325000
1 0.730049 0.454727 0.009473 0.073672
7 0.709263 0.548633 0.007002 0.198828
1 0.674072 0.527578 0.017285 0.114844
1 0.637798 0.564336 0.024209 0.168984
1 0.608931 0.580664 0.030361 0.197891
1 0.561982 0.634531 0.026387 0.173437
7 0.750508 0.429023 0.003203 0.072891
1 0.134849 0.866680 0.086045 0.233203
7 0.392046 0.684336 0.003975 0.152266
1 0.053413 0.616992 0.017979 0.094609
