1 0.323945 0.685117 0.022187 0.126016
1 0.994365 0.667891 0.010391 0.197969
2 0.078076 0.516797 0.063301 0.434688
7 0.552915 0.681328 0.008037 0.271563
1 0.024634 0.589297 0.010205 0.070781
1 0.483999 0.575039 0.006611 0.068516
7 0.535010 0.585703 0.002930 0.119219
7 0.531050 0.588242 0.003115 0.126328
1 0.682134 0.386563 0.012354 0.052812
1 0.003770 0.627266 0.007793 0.217813
1 0.443940 0.723047 0.032236 0.318125
1 0.091943 0.793086 0.087227 0.365234
7 0.973628 0.560000 0.002939 0.123437
7 0.976855 0.552227 0.003711 0.132578
7 0.981792 0.512305 0.003174 0.078828
1 0.472373 0.614297 0.011523 0.121719
