1 0.058379 0.602109 0.008945 0.090156
2 0.463047 0.614727 0.021074 0.297578
1 0.341260 0.876992 0.068945 0.246016
1 0.144863 0.821523 0.065508 0.348984
8 0.211064 0.315625 0.005234 0.092656
5 0.211382 0.368789 0.009814 0.042734
1 0.503276 0.606406 0.010107 0.104844
1 0.049468 0.595742 0.012061 0.121016
1 0.014409 0.753203 0.028623 0.365469
1 0.505117 0.793828 0.034395 0.296875
7 0.845063 0.573125 0.010107 0.447656
7 0.860020 0.646562 0.017656 0.503125
1 0.028232 0.573555 0.009121 0.081328
7 0.087153 0.603164 0.005342 0.144922
