1 0.707383 0.657070 0.010801 0.101953
3 0.029038 0.534258 0.030576 0.288359
7 0.370811 0.685352 0.012773 0.421953
8 0.363501 0.746367 0.013389 0.187266
5 0.362749 0.893242 0.012783 0.196328
7 0.388262 0.805547 0.007324 0.375938
1 0.728447 0.778711 0.013125 0.139297
1 0.751895 0.593906 0.005566 0.056250
1 0.522759 0.617891 0.014385 0.112500
1 0.503862 0.693594 0.021377 0.210781
1 0.580186 0.561562 0.010801 0.062031
1 0.715869 0.621563 0.007227 0.061094
1 0.723184 0.623008 0.006641 0.062578
1 0.730518 0.617422 0.005273 0.062500
1 0.738467 0.617656 0.007324 0.066406
1 0.745957 0.620156 0.005859 0.064844
1 0.404902 0.695078 0.029336 0.415625
1 0.767744 0.763242 0.017168 0.204453
3 0.026660 0.551953 0.033984 0.363281
7 0.889956 0.691563 0.016768 0.624219
7 0.950747 0.583789 0.007451 0.240859
7 0.923228 0.646406 0.011006 0.399062
2 0.005386 0.500391 0.007002 0.114375
3 0.440098 0.557227 0.036562 0.150859
