1 0.757134 0.787344 0.059111 0.422031
7 0.572207 0.718242 0.007891 0.241172
7 0.710420 0.782656 0.012441 0.309062
7 0.352080 0.663203 0.006836 0.207344
7 0.201416 0.763281 0.015527 0.473437
7 0.347549 0.649883 0.007148 0.217109
7 0.815068 0.777813 0.012285 0.444063
8 0.801167 0.784141 0.037959 0.431719
8 0.834121 0.762148 0.014707 0.422891
7 0.219541 0.793008 0.016855 0.413984
5 0.713120 0.925000 0.013740 0.150000
7 0.635366 0.734180 0.005400 0.269141
7 0.640435 0.741914 0.007764 0.277109
7 0.836333 0.810664 0.014678 0.378672
7 0.726899 0.786719 0.012998 0.419844
7 0.701445 0.748789 0.006836 0.293047
7 0.666914 0.681016 0.006543 0.214531
7 0.569004 0.714219 0.006816 0.250156
1 0.448521 0.737812 0.024150 0.236875
7 0.780703 0.786680 0.015508 0.426641
7 0.684487 0.801719 0.011045 0.292031
8 0.046055 0.602461 0.005547 0.184141
