8 0.395146 0.666797 0.006191 0.119531
5 0.394678 0.753203 0.006641 0.065625
7 0.399277 0.723711 0.005859 0.204141
1 0.738965 0.604141 0.007227 0.041406
1 0.437173 0.659336 0.021611 0.281172
1 0.733394 0.770508 0.014072 0.185859
3 0.208887 0.500000 0.361719 1.000000
7 0.665991 0.682813 0.018232 0.639531
7 0.897104 0.720586 0.014111 0.501016
7 0.781714 0.699648 0.018877 0.667266
2 0.010952 0.481016 0.012861 0.192656
1 0.494189 0.763594 0.024922 0.272813
3 0.461362 0.563047 0.031104 0.126875
1 0.697012 0.776016 0.015996 0.150625
1 0.688433 0.663047 0.011748 0.077812
1 0.701191 0.624023 0.006602 0.064453
1 0.708384 0.625859 0.006025 0.050156
1 0.715146 0.619141 0.006465 0.071094
1 0.723228 0.618047 0.007588 0.057656
1 0.730767 0.618320 0.006689 0.059922
1 0.739424 0.603906 0.006777 0.039062
1 0.571738 0.568477 0.008437 0.048984
