1 0.696353 0.480938 0.014619 0.114063
1 0.523350 0.578203 0.009004 0.070937
7 0.488433 0.584492 0.005889 0.113203
7 0.709277 0.457422 0.005391 0.101875
7 0.963999 0.556484 0.004346 0.086250
7 0.502041 0.581875 0.007344 0.102187
8 0.505679 0.585898 0.008506 0.094141
1 0.111328 0.818945 0.067227 0.357109
1 0.508159 0.861406 0.037939 0.250469
1 0.011763 0.744414 0.023564 0.375234
1 0.988145 0.805195 0.023281 0.385547
1 0.012798 0.652734 0.018584 0.165781
1 0.043032 0.741055 0.048213 0.392891
1 0.626621 0.572734 0.024883 0.150000
1 0.647759 0.540547 0.018975 0.118750
7 0.514180 0.595234 0.005859 0.111250
7 0.956406 0.594609 0.006172 0.184063
7 0.237935 0.796133 0.013135 0.408203
8 0.512642 0.594023 0.008447 0.101641
7 0.790918 0.451367 0.005566 0.113359
1 0.604482 0.528828 0.036777 0.250312
