1 0.033872 0.616328 0.014092 0.131250
1 0.323994 0.564609 0.023457 0.150000
3 0.312607 0.602461 0.056406 0.239141
1 0.440605 0.620039 0.024648 0.148203
1 0.071099 0.688242 0.027783 0.289297
1 0.549536 0.561094 0.019580 0.148437
7 0.134629 0.711133 0.007461 0.265391
7 0.624678 0.476016 0.002734 0.036719
7 0.991104 0.472422 0.002188 0.040938
7 0.998120 0.472930 0.003643 0.044766
3 0.656841 0.437500 0.022568 0.111719
1 0.420049 0.591133 0.015176 0.151016
2 0.233604 0.593516 0.008496 0.126562
1 0.269521 0.618750 0.007734 0.069375
1 0.989976 0.569688 0.018525 0.169062
1 0.362026 0.597266 0.019541 0.122188
3 0.459873 0.535039 0.048418 0.187734
7 0.961851 0.654141 0.008721 0.322969
7 0.925127 0.751016 0.017910 0.497188
1 0.486753 0.860820 0.040928 0.274766
3 0.616357 0.490977 0.035254 0.182266
