1 0.059810 0.585391 0.015557 0.106719
1 0.479180 0.636953 0.012246 0.100938
1 0.477769 0.637422 0.011592 0.097187
8 0.203213 0.266953 0.005352 0.092656
5 0.203491 0.318750 0.010225 0.042812
1 0.501987 0.627930 0.011631 0.120234
1 0.433237 0.747969 0.023877 0.217344
1 0.012773 0.772188 0.025469 0.454063
1 0.502334 0.829492 0.038867 0.311172
7 0.582158 0.608633 0.008418 0.293984
7 0.594951 0.678555 0.010645 0.373828
1 0.059409 0.704219 0.025654 0.179688
7 0.171938 0.684141 0.007842 0.227031
7 0.049639 0.517813 0.005859 0.093594
7 0.971240 0.446094 0.003594 0.097031
7 0.040703 0.503945 0.003398 0.084141
