1 0.710542 0.669336 0.009619 0.093828
7 0.425176 0.813750 0.014355 0.372500
8 0.470474 0.762852 0.030459 0.278516
5 0.469150 0.949961 0.029688 0.100078
7 0.360664 0.693516 0.006953 0.219375
1 0.734277 0.787813 0.013125 0.139375
1 0.752773 0.604297 0.005566 0.056250
1 0.519443 0.676484 0.014434 0.144844
1 0.596240 0.578242 0.010801 0.062109
1 0.717666 0.621875 0.007227 0.074063
1 0.725332 0.629766 0.006641 0.067187
1 0.732578 0.624883 0.005762 0.063203
1 0.740322 0.625469 0.006914 0.055937
1 0.747510 0.625625 0.005723 0.059844
1 0.401816 0.717070 0.033125 0.436953
1 0.772036 0.769453 0.017998 0.191094
3 0.014136 0.497070 0.018779 0.205234
7 0.922217 0.635703 0.013027 0.499063
7 0.960337 0.546094 0.007451 0.215625
7 0.938252 0.594023 0.009062 0.306797
2 0.003413 0.480469 0.004990 0.100156
