1 0.484072 0.667227 0.013066 0.162266
1 0.751284 0.518633 0.013682 0.139609
1 0.506255 0.684844 0.013057 0.146250
1 0.008135 0.661133 0.016270 0.266172
1 0.022969 0.593320 0.011680 0.126797
1 0.207378 0.663242 0.012705 0.137734
1 0.245303 0.758281 0.017988 0.216250
1 0.248452 0.631367 0.009834 0.132422
1 0.252817 0.531328 0.012295 0.068906
1 0.047485 0.747148 0.028271 0.290078
1 0.451362 0.848203 0.041006 0.303594
1 0.267222 0.699648 0.021377 0.265234
1 0.704980 0.610586 0.015625 0.128984
1 0.768262 0.640664 0.021406 0.208984
