1 0.467808 0.711719 0.024697 0.235469
1 0.062603 0.810977 0.050205 0.384453
7 0.401846 0.569102 0.005723 0.142734
7 0.123877 0.550742 0.005645 0.179297
7 0.198965 0.521680 0.006699 0.206641
7 0.230659 0.571016 0.004072 0.228594
7 0.150132 0.537266 0.007295 0.167656
7 0.572866 0.714063 0.007080 0.366094
1 0.471963 0.531641 0.016191 0.089062
1 0.506377 0.581055 0.015371 0.100391
1 0.534277 0.573633 0.015234 0.092578
3 0.020981 0.493789 0.015068 0.187422
1 0.406519 0.507461 0.011650 0.064766
7 0.916206 0.364727 0.003838 0.093047
3 0.033125 0.502500 0.008125 0.130000
