1 0.397417 0.621328 0.020713 0.120937
1 0.319507 0.656953 0.019443 0.117812
7 0.178423 0.818672 0.008936 0.324219
7 0.186592 0.796562 0.006973 0.267813
7 0.606401 0.579336 0.004990 0.164922
7 0.607402 0.562266 0.004492 0.144531
1 0.664531 0.465078 0.012148 0.118281
1 0.989927 0.573398 0.018369 0.157109
1 0.339175 0.634688 0.020693 0.120156
1 0.314507 0.623359 0.015830 0.113125
1 0.443442 0.572461 0.019521 0.120078
3 0.471396 0.521250 0.063203 0.216875
7 0.917363 0.793320 0.014453 0.421484
7 0.793584 0.745313 0.024746 0.500312
1 0.486753 0.860820 0.040928 0.274766
1 0.379419 0.787422 0.027939 0.188125
1 0.298984 0.619922 0.011426 0.106250
3 0.617773 0.487734 0.035254 0.182344
1 0.269443 0.625156 0.005762 0.057031
