1 0.684678 0.510898 0.016016 0.108359
7 0.480210 0.586914 0.005889 0.113203
7 0.497017 0.584688 0.005596 0.107031
8 0.500532 0.588281 0.007354 0.096094
1 0.081694 0.823594 0.065674 0.350469
1 0.506606 0.855859 0.037275 0.264844
1 0.010635 0.811836 0.021875 0.386484
1 0.987827 0.800937 0.024229 0.395781
1 0.006855 0.592461 0.011309 0.111641
1 0.023950 0.668984 0.029092 0.293281
1 0.626567 0.581602 0.024287 0.150859
1 0.648013 0.549180 0.018330 0.116953
7 0.510610 0.588594 0.005264 0.099531
7 0.953364 0.608672 0.006709 0.227188
7 0.179072 0.781992 0.014063 0.433047
7 0.782148 0.464102 0.005566 0.113359
1 0.604717 0.531406 0.036426 0.254844
