1 0.510532 0.614062 0.015322 0.167656
1 0.095601 0.518437 0.008994 0.094531
1 0.084702 0.520703 0.008721 0.095625
1 0.546738 0.586758 0.012129 0.098359
3 0.932920 0.527109 0.013281 0.114375
1 0.007568 0.712383 0.015176 0.190391
1 0.915210 0.541875 0.025479 0.161094
1 0.526660 0.691016 0.021504 0.230625
1 0.164268 0.668555 0.041973 0.225859
1 0.156982 0.832969 0.108691 0.334063
1 0.981807 0.643984 0.033047 0.251719
3 0.396172 0.633398 0.198672 0.722266
1 0.041128 0.569609 0.041279 0.251563
7 0.136943 0.548320 0.004922 0.109766
7 0.134600 0.547305 0.004219 0.109922
7 0.128101 0.543984 0.004092 0.103281
8 0.320962 0.640781 0.019932 0.229375
1 0.883242 0.490664 0.015254 0.128828
7 0.853970 0.450313 0.006318 0.167812
7 0.849644 0.482187 0.004443 0.141563
7 0.609741 0.771797 0.016807 0.416406
