1 0.391343 0.615000 0.019111 0.126562
1 0.448643 0.587617 0.018535 0.098672
8 0.599443 0.581367 0.008164 0.186797
3 0.369258 0.568086 0.053809 0.224922
1 0.376860 0.796914 0.031533 0.242109
1 0.990542 0.576172 0.018096 0.162656
1 0.486313 0.828516 0.039268 0.329375
1 0.016934 0.606328 0.015703 0.130625
1 0.028027 0.805234 0.050859 0.382656
1 0.367896 0.608086 0.021279 0.177109
7 0.072319 0.579141 0.005459 0.152656
7 0.953457 0.702852 0.010410 0.341797
7 0.966699 0.620586 0.004785 0.241797
7 0.978843 0.548437 0.005146 0.125625
3 0.580908 0.464570 0.005371 0.272734
3 0.612700 0.469297 0.033369 0.188906
2 0.530815 0.544492 0.031787 0.188984
3 0.277441 0.587344 0.039258 0.153906
