7 0.494873 0.582578 0.006465 0.106563
1 0.119907 0.826953 0.087783 0.331875
1 0.509131 0.856953 0.039922 0.252656
1 0.009819 0.790508 0.019463 0.413203
1 0.987368 0.795312 0.025381 0.405469
1 0.020117 0.691328 0.018770 0.197500
1 0.045605 0.763164 0.046445 0.414453
1 0.625903 0.574688 0.024756 0.155781
1 0.660439 0.534258 0.019785 0.118359
7 0.523486 0.623008 0.006270 0.160078
7 0.955664 0.575000 0.005352 0.135937
7 0.291494 0.796328 0.013320 0.405313
8 0.523271 0.611367 0.007324 0.159922
7 0.802319 0.446992 0.005576 0.113203
1 0.604409 0.531250 0.037666 0.246094
