7 0.410244 0.461055 0.003164 0.089922
7 0.124863 0.515781 0.005449 0.143594
7 0.094150 0.518320 0.003945 0.126797
7 0.085601 0.493281 0.003213 0.095312
7 0.089951 0.496797 0.002734 0.094531
7 0.064517 0.497969 0.002998 0.066250
1 0.365923 0.409141 0.009580 0.052031
1 0.344263 0.404453 0.008408 0.039531
5 0.582231 0.792227 0.011787 0.102266
7 0.581826 0.733828 0.008691 0.253438
7 0.603994 0.150781 0.003691 0.061719
1 0.259326 0.773516 0.093848 0.451406
1 0.194478 0.826172 0.126455 0.346094
1 0.084282 0.773828 0.071260 0.452344
1 0.046772 0.690898 0.039854 0.415078
