1 0.014160 0.788398 0.028145 0.420703
1 0.383750 0.679062 0.022715 0.136094
1 0.988843 0.594922 0.014287 0.185000
3 0.927627 0.500117 0.110742 0.999766
1 0.565049 0.835977 0.054668 0.323047
3 0.524746 0.578711 0.020898 0.325391
1 0.500820 0.778906 0.025410 0.288438
2 0.501655 0.557695 0.015010 0.160078
1 0.992729 0.845586 0.014541 0.308828
1 0.437671 0.835547 0.044775 0.328906
1 0.580703 0.576914 0.008145 0.123984
1 0.486108 0.647148 0.010693 0.115391
1 0.038677 0.661641 0.022451 0.221875
1 0.361904 0.673164 0.012227 0.115078
