7 0.423115 0.613906 0.005234 0.117500
1 0.991816 0.607969 0.012109 0.143750
7 0.274722 0.677578 0.006455 0.222812
7 0.198765 0.697695 0.005283 0.249609
7 0.325610 0.618359 0.004111 0.160938
7 0.305635 0.656836 0.005566 0.219297
7 0.341685 0.657617 0.005283 0.212734
8 0.433921 0.570625 0.003916 0.055781
5 0.434512 0.609531 0.008027 0.043281
2 0.028828 0.523711 0.018613 0.219297
1 0.009004 0.650664 0.013711 0.123516
1 0.050332 0.619414 0.020000 0.151797
1 0.268203 0.821875 0.066875 0.354219
1 0.396138 0.704727 0.026436 0.195703
1 0.103076 0.706367 0.043711 0.356484
7 0.951309 0.621602 0.007480 0.232109
