7 0.905107 0.464102 0.002949 0.078359
3 0.555542 0.545547 0.093369 0.444531
7 0.122290 0.642344 0.005068 0.094688
8 0.078916 0.619219 0.008145 0.140781
1 0.127412 0.657773 0.008613 0.051797
2 0.735674 0.393789 0.006504 0.087109
7 0.872578 0.432461 0.005566 0.121172
8 0.907021 0.448828 0.005273 0.100781
7 0.480225 0.761836 0.010918 0.386484
8 0.545210 0.789062 0.017217 0.421875
1 0.512012 0.837500 0.041602 0.325000
1 0.738906 0.436445 0.006465 0.052734
7 0.720127 0.530312 0.005625 0.172969
1 0.673149 0.529844 0.017373 0.114844
1 0.639990 0.563828 0.020215 0.177031
1 0.612153 0.582383 0.023916 0.194453
7 0.750508 0.429023 0.003203 0.072891
1 0.034614 0.733242 0.039072 0.301797
