7 0.959136 0.522891 0.004561 0.145313
7 0.945684 0.590469 0.007441 0.239844
1 0.440903 0.812539 0.027686 0.243672
1 0.477510 0.742695 0.019121 0.235391
1 0.492441 0.620547 0.011738 0.157656
1 0.012988 0.748906 0.025645 0.372969
7 0.112920 0.641602 0.005527 0.195703
8 0.139697 0.679023 0.008262 0.245078
5 0.139697 0.760547 0.013008 0.164844
1 0.132197 0.542578 0.013105 0.068438
1 0.014346 0.515117 0.007344 0.071484
1 0.097612 0.557031 0.012686 0.071094
1 0.040923 0.606953 0.015420 0.132969
3 0.558604 0.640039 0.071758 0.718516
1 0.507617 0.711289 0.016562 0.193516
