1 0.508115 0.543125 0.022363 0.140781
1 0.385547 0.615586 0.019531 0.129297
7 0.952056 0.629336 0.008662 0.336484
8 0.622788 0.529023 0.009131 0.184609
1 0.523062 0.535430 0.016514 0.080078
1 0.357964 0.865508 0.066748 0.264766
1 0.989590 0.569688 0.019121 0.160313
1 0.486606 0.846406 0.038916 0.307187
1 0.015400 0.625234 0.018184 0.146094
1 0.028491 0.813281 0.050264 0.360938
7 0.069482 0.559531 0.005469 0.152656
7 0.967705 0.653164 0.008262 0.284141
7 0.985391 0.522539 0.004902 0.112109
3 0.612759 0.469297 0.033252 0.188906
3 0.302148 0.612187 0.072266 0.281875
