1 0.014429 0.775234 0.027158 0.445469
1 0.079248 0.575937 0.016113 0.109687
1 0.162261 0.622188 0.009072 0.086875
1 0.994902 0.465352 0.008047 0.053203
1 0.488672 0.576758 0.004824 0.055391
1 0.513975 0.537344 0.007090 0.035156
1 0.493496 0.563516 0.005859 0.038281
1 0.628413 0.526523 0.018467 0.124297
1 0.044526 0.703320 0.042334 0.426016
1 0.511523 0.559766 0.005273 0.039844
7 0.547549 0.731445 0.009102 0.346484
7 0.517432 0.757344 0.015137 0.388437
7 0.328457 0.701211 0.008320 0.153828
7 0.665005 0.527109 0.006123 0.056719
1 0.091948 0.806406 0.066377 0.381875
7 0.566245 0.568281 0.003428 0.115000
7 0.562432 0.560156 0.003066 0.137500
1 0.151455 0.647695 0.017207 0.114141
1 0.133418 0.596953 0.021426 0.128281
1 0.111577 0.603867 0.023936 0.060859
1 0.098140 0.583672 0.017217 0.101094
1 0.238203 0.898555 0.124570 0.202891
1 0.995947 0.787773 0.008105 0.391172
2 0.480288 0.543633 0.012490 0.145547
