1 0.487729 0.685430 0.013818 0.113984
1 0.234131 0.733867 0.043535 0.280078
3 0.983740 0.466484 0.032129 0.347031
5 0.606992 0.740273 0.008320 0.154297
7 0.189194 0.699453 0.008486 0.225000
7 0.175342 0.701992 0.009355 0.278203
7 0.157505 0.680625 0.006104 0.200313
7 0.165146 0.638555 0.005488 0.145859
5 0.225776 0.827539 0.009971 0.174609
5 0.198765 0.813672 0.009346 0.162500
1 0.936626 0.542227 0.025205 0.228203
7 0.880967 0.486875 0.005645 0.160625
7 0.898384 0.534453 0.007236 0.142500
7 0.886675 0.501602 0.004189 0.129453
3 0.033145 0.543516 0.066289 0.504531
