1 0.439619 0.851016 0.061582 0.297969
1 0.085552 0.835664 0.069697 0.328672
1 0.025771 0.610664 0.014785 0.134453
1 0.011230 0.759922 0.022461 0.361875
7 0.374116 0.686016 0.011377 0.303281
1 0.483130 0.680273 0.016201 0.144453
3 0.520542 0.567617 0.015518 0.237734
3 0.503862 0.539062 0.008486 0.078125
1 0.504175 0.649883 0.012490 0.126953
1 0.973062 0.682539 0.030088 0.288359
7 0.612061 0.703594 0.012988 0.288906
1 0.742661 0.653203 0.060889 0.382969
1 0.810898 0.695195 0.054590 0.312422
1 0.864609 0.634180 0.035039 0.244609
3 0.994927 0.498906 0.010146 0.152344
7 0.612588 0.710742 0.011660 0.272891
