7 0.899600 0.765469 0.013770 0.397656
7 0.366309 0.598828 0.004688 0.205469
7 0.658735 0.512109 0.001846 0.107813
1 0.650605 0.482891 0.007129 0.056250
1 0.966016 0.606406 0.016816 0.108437
7 0.993574 0.601250 0.001875 0.101250
7 0.016729 0.560312 0.001914 0.047500
8 0.573667 0.459062 0.009170 0.186406
7 0.534419 0.507266 0.002607 0.166563
7 0.539702 0.487734 0.004404 0.176563
5 0.899404 0.875859 0.019473 0.229844
1 0.490244 0.433359 0.006074 0.058125
1 0.373906 0.618398 0.020605 0.114922
1 0.399395 0.623125 0.019629 0.110156
1 0.421025 0.579375 0.012695 0.052344
