1 0.016104 0.590273 0.016133 0.101016
1 0.974463 0.599805 0.015664 0.114922
1 0.011768 0.588477 0.023535 0.203672
1 0.218745 0.666641 0.028193 0.150156
1 0.955986 0.561758 0.010684 0.098984
1 0.202031 0.593906 0.016836 0.115625
1 0.159448 0.612656 0.020303 0.102812
1 0.537300 0.635156 0.013896 0.135000
1 0.110894 0.599180 0.018291 0.091328
3 0.548062 0.570703 0.013818 0.128125
1 0.103652 0.578203 0.019336 0.093906
1 0.782593 0.671523 0.018818 0.118203
1 0.054077 0.589688 0.025771 0.139844
1 0.525649 0.658672 0.022451 0.259375
7 0.904590 0.564844 0.006836 0.220313
