1 0.383042 0.626875 0.019951 0.129062
1 0.350288 0.670195 0.020635 0.142891
7 0.177583 0.830391 0.008701 0.311250
7 0.173174 0.783594 0.008535 0.332812
7 0.181470 0.816367 0.009873 0.351328
7 0.603784 0.621836 0.005967 0.173203
7 0.992285 0.472930 0.002188 0.040859
7 0.998120 0.472930 0.003643 0.044766
1 0.669624 0.465078 0.006631 0.118281
1 0.990244 0.570586 0.018770 0.164453
1 0.329492 0.637305 0.020273 0.124297
1 0.303125 0.624766 0.014980 0.112812
1 0.429399 0.587031 0.019561 0.124688
3 0.466504 0.538906 0.065312 0.212500
7 0.927578 0.756992 0.014160 0.465547
7 0.829907 0.750742 0.024229 0.498203
1 0.486753 0.860820 0.040928 0.274766
1 0.391426 0.831250 0.039551 0.246875
1 0.289438 0.625234 0.011162 0.097500
3 0.617529 0.488281 0.035254 0.182344
1 0.253320 0.625156 0.007617 0.058594
