8 0.470430 0.596367 0.003496 0.085859
5 0.471030 0.625000 0.003389 0.051562
5 0.661001 0.704727 0.014287 0.164922
1 0.025786 0.789961 0.038623 0.420078
1 0.083862 0.674531 0.024775 0.158281
1 0.128091 0.627344 0.021533 0.140469
7 0.391699 0.710977 0.005098 0.259766
1 0.137026 0.872539 0.108174 0.254922
1 0.508999 0.768828 0.024404 0.292500
1 0.524482 0.623945 0.010117 0.082578
1 0.509375 0.602305 0.009707 0.069609
7 0.954395 0.579648 0.004668 0.180078
5 0.778081 0.725820 0.013584 0.221641
5 0.748672 0.732539 0.013594 0.200234
5 0.709766 0.722305 0.016348 0.180703
