1 0.008696 0.772891 0.017393 0.237969
1 0.147607 0.825469 0.104980 0.338437
1 0.347646 0.880313 0.092754 0.242344
3 0.060977 0.583203 0.070234 0.816094
7 0.448984 0.828125 0.015742 0.343750
7 0.460806 0.889297 0.007842 0.221406
5 0.223120 0.541758 0.006826 0.136328
5 0.231865 0.545195 0.005703 0.124609
5 0.261729 0.605039 0.007793 0.132109
7 0.556938 0.619336 0.003740 0.165234
7 0.668110 0.545625 0.004736 0.180312
7 0.664546 0.602773 0.005186 0.205703
7 0.682671 0.492305 0.004717 0.138047
1 0.995684 0.706172 0.008633 0.333594
7 0.925688 0.757969 0.012783 0.367969
3 0.505366 0.540391 0.016689 0.276094
1 0.504966 0.728242 0.017080 0.235547
7 0.439746 0.063008 0.004258 0.055078
