1 0.505708 0.594922 0.009326 0.078750
1 0.366416 0.849531 0.045098 0.315781
1 0.112612 0.690312 0.025244 0.146875
1 0.037275 0.597187 0.014980 0.113750
1 0.189297 0.749766 0.039922 0.246406
7 0.265303 0.789844 0.008262 0.239063
7 0.576538 0.711914 0.014717 0.324297
1 0.006855 0.591562 0.013418 0.174219
1 0.488423 0.633359 0.009951 0.105937
1 0.057109 0.768242 0.039355 0.343359
1 0.026104 0.607187 0.013594 0.115312
1 0.505234 0.748086 0.024609 0.267109
2 0.069341 0.553672 0.021143 0.227031
1 0.469443 0.764180 0.025430 0.232422
1 0.384907 0.875391 0.099775 0.241875
