7 0.497344 0.591562 0.003223 0.078906
1 0.490137 0.599180 0.011387 0.057422
1 0.662759 0.663984 0.030830 0.253281
1 0.135693 0.897852 0.080957 0.204297
1 0.035840 0.673359 0.020801 0.215781
1 0.018770 0.582148 0.009004 0.092422
1 0.012207 0.769141 0.024414 0.380313
7 0.314341 0.718477 0.011377 0.346797
1 0.463901 0.770820 0.035771 0.343984
3 0.522397 0.559258 0.016475 0.254766
3 0.503770 0.534766 0.009180 0.089531
1 0.504170 0.663477 0.013809 0.154141
1 0.966895 0.727656 0.037695 0.370156
7 0.685532 0.746914 0.014658 0.407734
1 0.808960 0.636953 0.051709 0.359219
1 0.861992 0.649844 0.040195 0.236875
1 0.899028 0.608164 0.026592 0.188828
1 0.916079 0.598320 0.016475 0.150234
1 0.930596 0.562969 0.016348 0.147500
3 0.994429 0.504023 0.010264 0.157266
7 0.685078 0.755117 0.013672 0.371016
