1 0.557886 0.869844 0.053760 0.268438
1 0.978027 0.543242 0.009102 0.084922
1 0.965029 0.791250 0.059668 0.420156
1 0.482637 0.614922 0.013379 0.104687
1 0.486519 0.641914 0.011768 0.148359
1 0.467573 0.597617 0.008799 0.080703
1 0.479409 0.596758 0.013135 0.092891
1 0.594961 0.636719 0.030117 0.124531
1 0.642319 0.920547 0.066982 0.171563
1 0.117588 0.600820 0.025508 0.148203
1 0.055581 0.681328 0.034658 0.271250
3 0.517534 0.604688 0.068037 0.549531
3 0.318574 0.535937 0.203555 0.892969
7 0.874687 0.631563 0.008066 0.141094
7 0.859678 0.662734 0.008789 0.218281
