1 0.035347 0.606289 0.011475 0.093672
3 0.239980 0.655898 0.080234 0.733359
1 0.997222 0.734492 0.005557 0.291016
3 0.442031 0.620664 0.017910 0.256953
1 0.907056 0.485156 0.015596 0.091406
1 0.461982 0.815156 0.028340 0.199375
1 0.010464 0.744687 0.020029 0.303750
1 0.065361 0.820508 0.041738 0.352578
1 0.061577 0.689883 0.019385 0.174453
1 0.108813 0.800781 0.056260 0.365938
7 0.807246 0.729570 0.015586 0.540859
2 0.353325 0.576719 0.155928 0.835000
1 0.504253 0.767617 0.033311 0.464766
1 0.482207 0.729609 0.013418 0.113750
