7 0.431665 0.731328 0.007568 0.238594
7 0.439844 0.677109 0.006289 0.181094
8 0.233374 0.738945 0.008916 0.314453
6 0.676084 0.567031 0.007773 0.216250
6 0.668501 0.578438 0.006943 0.221250
1 0.692358 0.439453 0.014795 0.158750
5 0.640166 0.571328 0.013281 0.221562
5 0.619478 0.533945 0.011768 0.191641
6 0.659175 0.533047 0.008389 0.202031
7 0.593779 0.731523 0.018301 0.532266
8 0.224385 0.739062 0.009043 0.332031
7 0.510845 0.628984 0.005244 0.131406
7 0.519971 0.611211 0.005273 0.125078
5 0.226997 0.809766 0.026885 0.217031
