1 0.005854 0.523320 0.008623 0.073984
1 0.413442 0.856016 0.035732 0.289375
1 0.482217 0.636367 0.010098 0.094453
7 0.409424 0.550234 0.002148 0.050781
1 0.513228 0.561016 0.011533 0.085156
3 0.494111 0.559453 0.008613 0.091250
1 0.994634 0.888242 0.009775 0.215234
1 0.988481 0.567656 0.010479 0.127188
1 0.979878 0.592461 0.017197 0.178672
1 0.499707 0.799883 0.028125 0.359141
1 0.571128 0.840391 0.054229 0.285781
1 0.017461 0.786055 0.034082 0.418047
1 0.959692 0.755352 0.039971 0.375703
1 0.875024 0.850508 0.102178 0.301172
3 0.534263 0.606250 0.031299 0.373281
7 0.443760 0.712305 0.006211 0.189453
