1 0.102661 0.805000 0.086025 0.387187
1 0.044746 0.724063 0.034609 0.312656
1 0.055596 0.587969 0.017012 0.215469
7 0.008687 0.540078 0.003154 0.065156
7 0.005723 0.528438 0.002734 0.055469
3 0.205986 0.519258 0.286777 0.960703
1 0.273394 0.895664 0.120947 0.208672
7 0.353945 0.476016 0.003398 0.105000
2 0.387773 0.416602 0.038457 0.268984
1 0.538438 0.618594 0.028281 0.188906
2 0.566313 0.557344 0.037061 0.235625
1 0.599961 0.644297 0.018027 0.102656
7 0.579844 0.214180 0.003125 0.052891
7 0.840620 0.112070 0.006318 0.175703
7 0.958418 0.732656 0.010078 0.397344
7 0.886245 0.846836 0.010303 0.285078
7 0.896924 0.756563 0.011133 0.486875
