8 0.455815 0.614219 0.004092 0.119219
5 0.455723 0.650078 0.004902 0.072500
5 0.716621 0.704102 0.009609 0.215234
1 0.017734 0.791211 0.034570 0.417578
1 0.049053 0.645977 0.022910 0.151172
1 0.088789 0.615234 0.019687 0.140469
7 0.339038 0.769727 0.007178 0.330078
1 0.069780 0.823555 0.048662 0.351172
1 0.511733 0.780742 0.027295 0.298203
1 0.523760 0.613555 0.010117 0.082578
1 0.509575 0.608711 0.010986 0.080391
7 0.961899 0.566367 0.004697 0.150391
5 0.839297 0.682422 0.015449 0.203750
5 0.818936 0.695937 0.011309 0.185625
5 0.774468 0.709570 0.012627 0.178984
