8 0.449858 0.624648 0.003877 0.130391
5 0.449326 0.659141 0.005332 0.070625
5 0.734810 0.704102 0.009619 0.215234
1 0.017002 0.791602 0.033359 0.416797
1 0.039917 0.642891 0.022158 0.151094
1 0.077944 0.610859 0.019697 0.140469
7 0.317524 0.787109 0.008096 0.363281
1 0.057749 0.817969 0.039189 0.364062
1 0.508604 0.786758 0.028164 0.299922
1 0.523340 0.613398 0.010117 0.082578
1 0.509507 0.611055 0.011377 0.083672
7 0.962866 0.562500 0.004639 0.142813
5 0.850215 0.669492 0.015137 0.192891
5 0.833652 0.689609 0.012910 0.181250
5 0.793135 0.709336 0.012305 0.178516
