1 0.495322 0.610391 0.010391 0.088125
7 0.062319 0.588555 0.004580 0.128047
2 0.265527 0.598828 0.022852 0.369531
7 0.238369 0.659648 0.004902 0.157891
7 0.422852 0.707852 0.006250 0.173516
7 0.451460 0.662187 0.004229 0.123906
1 0.501172 0.576758 0.007617 0.049453
7 0.753994 0.583281 0.005254 0.195938
1 0.609233 0.620117 0.021084 0.170859
1 0.590674 0.601953 0.015156 0.139375
1 0.578276 0.600664 0.011670 0.120391
1 0.563394 0.573164 0.013994 0.117578
1 0.509097 0.690000 0.016689 0.165313
1 0.007471 0.589141 0.012988 0.224844
