1 0.532148 0.630625 0.010605 0.096875
1 0.530127 0.591875 0.016309 0.083594
1 0.487417 0.590781 0.015205 0.092500
7 0.460381 0.641758 0.005469 0.163203
7 0.586963 0.775781 0.010664 0.448438
1 0.655645 0.567578 0.012363 0.082500
1 0.701504 0.537148 0.010703 0.085547
7 0.642661 0.570117 0.003623 0.088984
8 0.542241 0.619336 0.004521 0.114453
1 0.580781 0.600156 0.017676 0.103594
7 0.573115 0.601016 0.004258 0.116875
1 0.560508 0.595781 0.016035 0.080313
1 0.593311 0.602305 0.015137 0.076641
7 0.062456 0.725859 0.004912 0.204063
1 0.621147 0.563594 0.013760 0.088437
