7 0.709844 0.372031 0.001914 0.083125
1 0.008931 0.759766 0.017646 0.217969
1 0.129780 0.815625 0.092373 0.368750
1 0.329224 0.884766 0.093936 0.232813
3 0.056021 0.559375 0.068623 0.740625
7 0.431880 0.834648 0.016318 0.330703
7 0.444023 0.895703 0.007266 0.208594
5 0.216162 0.540156 0.006816 0.136406
5 0.225933 0.536953 0.006533 0.124531
5 0.254912 0.594922 0.007793 0.142969
7 0.556812 0.621133 0.003994 0.168828
7 0.677085 0.549570 0.003252 0.188984
7 0.671260 0.596289 0.004961 0.205703
7 0.687500 0.490039 0.004707 0.138047
1 0.995684 0.699883 0.008633 0.321016
7 0.931392 0.734141 0.011982 0.339687
3 0.505063 0.541094 0.015869 0.274688
1 0.504751 0.731445 0.017080 0.237422
7 0.442891 0.043008 0.004063 0.055078
