1 0.493345 0.598945 0.007881 0.076953
1 0.485762 0.656836 0.012207 0.125391
1 0.044990 0.639687 0.015371 0.148906
1 0.055737 0.562969 0.021436 0.200937
1 0.468057 0.653984 0.012324 0.114219
1 0.508857 0.579063 0.009375 0.082344
1 0.206421 0.699141 0.015283 0.129688
7 0.530229 0.586797 0.005107 0.114062
1 0.192627 0.720859 0.015508 0.148281
1 0.140425 0.771680 0.056240 0.357422
1 0.450034 0.682930 0.017412 0.121953
1 0.029331 0.650586 0.021924 0.213672
1 0.503965 0.714375 0.019629 0.229531
1 0.360562 0.804648 0.110381 0.375547
3 0.004678 0.510625 0.009160 0.208281
2 0.016929 0.480625 0.010830 0.153125
