7 0.929937 0.564336 0.003506 0.185234
1 0.961758 0.539922 0.003848 0.048594
7 0.399702 0.680352 0.010479 0.175078
7 0.386714 0.664102 0.006084 0.114141
1 0.972583 0.577969 0.017920 0.235625
7 0.886504 0.570312 0.007461 0.389375
7 0.889258 0.715117 0.013789 0.548516
7 0.925122 0.564180 0.005889 0.192266
3 0.475278 0.566719 0.125479 0.681875
7 0.079023 0.598945 0.006250 0.172422
5 0.057710 0.614961 0.012588 0.097578
5 0.036133 0.581445 0.007559 0.056484
7 0.376240 0.647969 0.006152 0.143125
7 0.282427 0.687656 0.005732 0.171094
7 0.362720 0.659141 0.003994 0.144219
7 0.337427 0.655039 0.003564 0.113203
