1 0.686460 0.503164 0.015752 0.107266
7 0.484185 0.586211 0.005889 0.113203
7 0.498638 0.594414 0.006299 0.113203
8 0.502222 0.594023 0.008076 0.100703
1 0.091172 0.822227 0.067754 0.355547
1 0.507246 0.867344 0.039219 0.244062
1 0.011118 0.806602 0.022471 0.390078
1 0.988062 0.793594 0.024170 0.395312
1 0.005298 0.605703 0.010889 0.121250
1 0.031069 0.692656 0.032197 0.330156
1 0.627168 0.580234 0.025430 0.152813
1 0.648574 0.547227 0.018145 0.118672
7 0.512256 0.587578 0.004863 0.097656
7 0.954438 0.590977 0.006592 0.218516
7 0.194604 0.783984 0.013057 0.427656
7 0.783828 0.460078 0.005566 0.113438
1 0.604536 0.527227 0.036162 0.253203
