7 0.075508 0.619258 0.004453 0.098203
1 0.215063 0.661172 0.007900 0.100469
1 0.504131 0.669297 0.015488 0.139062
1 0.006245 0.594648 0.012490 0.240703
2 0.023730 0.475781 0.012305 0.151562
1 0.019434 0.580078 0.009766 0.077344
1 0.041455 0.595117 0.017090 0.189453
1 0.029687 0.585078 0.008301 0.071094
1 0.206563 0.670820 0.015195 0.152578
1 0.064722 0.715039 0.024951 0.230078
1 0.260591 0.914844 0.070205 0.170312
1 0.231362 0.746250 0.019697 0.241719
7 0.415850 0.720312 0.005508 0.197187
1 0.680757 0.463945 0.022764 0.135547
1 0.699722 0.448398 0.017412 0.081953
