1 0.388481 0.693750 0.018760 0.146406
1 0.416650 0.697227 0.021777 0.152422
7 0.022593 0.607187 0.003936 0.120781
7 0.493711 0.591172 0.002246 0.111250
7 0.735439 0.494102 0.003027 0.113672
8 0.973887 0.577461 0.003320 0.088359
5 0.973848 0.600547 0.003281 0.054844
1 0.606934 0.567070 0.034570 0.222109
1 0.011162 0.633477 0.017793 0.179922
7 0.527417 0.781211 0.014150 0.447578
7 0.717075 0.682227 0.017021 0.474609
7 0.952856 0.569688 0.005518 0.150938
7 0.093047 0.697617 0.007461 0.277109
7 0.043638 0.646758 0.006162 0.212891
7 0.412681 0.703398 0.005830 0.229922
5 0.418271 0.779219 0.009961 0.163125
8 0.418770 0.705391 0.009180 0.217187
7 0.496235 0.575547 0.002061 0.087187
7 0.754644 0.449688 0.002666 0.079844
5 0.831030 0.475703 0.003857 0.070469
8 0.830825 0.429648 0.004072 0.111484
