1 0.036499 0.613438 0.012568 0.104375
2 0.451841 0.612500 0.022764 0.325000
7 0.108223 0.718594 0.005195 0.220781
1 0.071582 0.737539 0.030996 0.231328
1 0.496768 0.579453 0.005273 0.057187
1 0.028423 0.564492 0.007432 0.077422
1 0.006055 0.647930 0.011973 0.212734
1 0.476401 0.672656 0.020420 0.211875
1 0.323437 0.886992 0.114902 0.246797
7 0.951475 0.595273 0.005840 0.271797
7 0.956714 0.598594 0.006201 0.294063
7 0.984692 0.507383 0.003174 0.078828
7 0.087920 0.665469 0.004785 0.156875
1 0.014561 0.576680 0.008027 0.085391
1 0.488677 0.611250 0.008408 0.107969
