7 0.725195 0.377344 0.002734 0.085469
7 0.728154 0.350000 0.001621 0.065625
7 0.729800 0.342500 0.001670 0.054062
3 0.525732 0.561602 0.026270 0.129922
1 0.007744 0.715703 0.014629 0.223594
1 0.083799 0.769961 0.036777 0.388359
1 0.167256 0.863281 0.117676 0.260000
3 0.041436 0.555742 0.047402 0.575078
7 0.337661 0.833594 0.018604 0.332812
7 0.351812 0.923008 0.009736 0.153984
7 0.557725 0.631523 0.005000 0.184922
7 0.713721 0.533945 0.005801 0.156328
7 0.708042 0.568203 0.004971 0.194219
7 0.716416 0.460820 0.003691 0.138047
1 0.995684 0.680977 0.008633 0.283203
7 0.952900 0.653516 0.009551 0.236563
3 0.503965 0.555937 0.017090 0.247969
1 0.503867 0.751641 0.018457 0.237500
