1 0.422441 0.512617 0.019316 0.130234
7 0.833247 0.892656 0.013057 0.214688
1 0.371641 0.460742 0.014277 0.082422
1 0.349097 0.436133 0.010146 0.071328
7 0.573945 0.242461 0.004434 0.056172
1 0.379316 0.877773 0.089707 0.254609
1 0.114941 0.818047 0.099023 0.357969
7 0.391265 0.622031 0.007197 0.277813
7 0.087163 0.511875 0.004854 0.131094
7 0.135830 0.500742 0.005059 0.206641
7 0.144790 0.521719 0.004111 0.210156
7 0.101997 0.508242 0.004775 0.129453
7 0.840088 0.763047 0.019492 0.470625
3 0.031602 0.494531 0.024336 0.248438
1 0.487344 0.597500 0.026484 0.144062
