1 0.599102 0.636133 0.016641 0.104922
1 0.542490 0.638359 0.028223 0.151406
1 0.470747 0.580820 0.026357 0.148828
1 0.376235 0.517891 0.015752 0.114531
7 0.607900 0.139727 0.003672 0.039609
5 0.838105 0.165742 0.013086 0.048672
8 0.837222 0.134414 0.006807 0.118516
1 0.101880 0.805000 0.084463 0.387187
1 0.044258 0.724063 0.033633 0.312656
1 0.055596 0.587969 0.017012 0.215469
3 0.204531 0.523594 0.283867 0.952031
1 0.272227 0.895664 0.118613 0.208672
7 0.353945 0.476016 0.003398 0.105000
7 0.920771 0.273320 0.004395 0.099453
7 0.984263 0.588906 0.004697 0.160312
7 0.902046 0.751719 0.010693 0.486875
