1 0.505605 0.593672 0.009941 0.076719
1 0.400088 0.805391 0.034258 0.265781
1 0.138701 0.729414 0.032656 0.192891
1 0.225879 0.797969 0.045352 0.222500
7 0.281504 0.776211 0.008262 0.239141
7 0.564443 0.673477 0.011387 0.258672
1 0.007544 0.597266 0.013721 0.181562
1 0.487900 0.631211 0.010137 0.105391
1 0.058604 0.788438 0.041113 0.355156
1 0.027407 0.613711 0.013818 0.123828
1 0.505889 0.748242 0.024727 0.276953
2 0.075049 0.571836 0.021133 0.227109
1 0.469565 0.762695 0.025439 0.232422
1 0.378018 0.855078 0.099766 0.241875
