1 0.009966 0.658750 0.019932 0.173750
1 0.579023 0.661016 0.041563 0.225937
2 0.105171 0.604219 0.016787 0.164687
1 0.699155 0.531445 0.018311 0.125547
7 0.507764 0.555391 0.002148 0.050000
7 0.469292 0.621563 0.005010 0.146875
7 0.743691 0.472539 0.003027 0.103047
1 0.731875 0.424844 0.004414 0.031250
7 0.985352 0.580898 0.003711 0.097578
7 0.981313 0.568320 0.002686 0.085703
8 0.983237 0.724453 0.010674 0.245938
5 0.983496 0.837461 0.011230 0.243672
1 0.529819 0.637617 0.044600 0.282734
7 0.700547 0.673750 0.013262 0.393125
7 0.478936 0.798750 0.013574 0.399531
7 0.931221 0.535352 0.003555 0.113516
7 0.034814 0.606953 0.004258 0.152188
7 0.398589 0.710820 0.005225 0.252578
7 0.479375 0.595898 0.002852 0.081641
7 0.752607 0.475430 0.003496 0.098047
5 0.849902 0.429492 0.003691 0.036328
8 0.849956 0.398125 0.002178 0.066875
