1 0.017686 0.626875 0.031270 0.179219
1 0.471201 0.685859 0.017832 0.273906
1 0.486616 0.615664 0.010713 0.106484
1 0.481895 0.636562 0.013496 0.140938
7 0.889209 0.723711 0.012598 0.433828
7 0.173018 0.681289 0.005371 0.188828
7 0.178174 0.692148 0.005371 0.181953
1 0.066016 0.664883 0.037656 0.252422
7 0.546221 0.611055 0.005508 0.180078
1 0.129980 0.653750 0.017383 0.113281
1 0.090967 0.832422 0.059746 0.335156
2 0.344087 0.498359 0.239561 0.996719
7 0.986841 0.572852 0.003447 0.129297
3 0.520615 0.567891 0.021055 0.286094
