1 0.263086 0.682031 0.028848 0.150312
1 0.995557 0.670586 0.009121 0.197734
2 0.035327 0.516328 0.023525 0.270625
7 0.619189 0.772578 0.012422 0.453750
1 0.480874 0.581875 0.008291 0.090156
7 0.551021 0.616563 0.004248 0.153125
7 0.545488 0.625313 0.003789 0.158438
7 0.535962 0.605625 0.002432 0.150625
7 0.533130 0.602422 0.002432 0.153906
1 0.711538 0.385586 0.012354 0.052891
1 0.004282 0.674687 0.007959 0.208438
1 0.418203 0.767656 0.045566 0.372656
1 0.076602 0.788164 0.062148 0.406328
7 0.984009 0.542188 0.002490 0.103125
1 0.467383 0.603750 0.012324 0.152656
