1 0.067974 0.638828 0.017002 0.139531
1 0.164624 0.848359 0.054443 0.303281
1 0.422354 0.733359 0.019629 0.165156
2 0.239966 0.666094 0.019971 0.343594
7 0.540601 0.594023 0.002783 0.115078
1 0.784106 0.394961 0.008564 0.094453
7 0.380117 0.733281 0.004043 0.155312
8 0.366479 0.733516 0.004443 0.172031
7 0.223701 0.738906 0.003516 0.115625
5 0.366538 0.784570 0.009443 0.088672
1 0.085742 0.583438 0.014629 0.101406
1 0.033511 0.649219 0.017822 0.199219
2 0.478716 0.579297 0.022471 0.391406
1 0.013774 0.555820 0.006768 0.056484
1 0.495947 0.613281 0.007324 0.068750
