1 0.478604 0.669766 0.013477 0.110000
1 0.049717 0.671680 0.036660 0.241797
1 0.343735 0.700508 0.022686 0.122422
1 0.603848 0.654258 0.015938 0.121016
1 0.548813 0.662500 0.025049 0.183594
1 0.298477 0.644062 0.011113 0.099375
1 0.312808 0.634023 0.012998 0.133828
1 0.433159 0.693320 0.024307 0.118672
1 0.914810 0.791445 0.045322 0.441484
1 0.597427 0.834180 0.036709 0.302734
2 0.340010 0.584766 0.022617 0.156094
7 0.679175 0.694258 0.009248 0.348828
7 0.694199 0.713633 0.009180 0.390078
1 0.169131 0.636797 0.016895 0.090313
7 0.929473 0.507266 0.006465 0.146094
