7 0.026914 0.512344 0.001953 0.054688
7 0.042930 0.523125 0.002891 0.065781
2 0.411753 0.429727 0.030479 0.196016
1 0.599297 0.640781 0.018789 0.105000
1 0.414922 0.524141 0.023867 0.118906
1 0.102427 0.805000 0.085557 0.387187
1 0.044600 0.724063 0.034316 0.312656
1 0.055596 0.587969 0.017012 0.215469
3 0.205898 0.519258 0.286602 0.960703
1 0.273472 0.895664 0.121104 0.208672
7 0.353945 0.476016 0.003398 0.105000
2 0.487920 0.493516 0.064688 0.386875
7 0.617417 0.123789 0.003643 0.046172
7 0.868545 0.129219 0.005762 0.159062
7 0.972368 0.662227 0.007373 0.268828
7 0.886504 0.846836 0.009785 0.285078
7 0.896382 0.756563 0.011143 0.486875
