1 0.897119 0.510156 0.021191 0.123438
1 0.939629 0.502734 0.018359 0.107812
1 0.953799 0.507422 0.009199 0.086719
1 0.919424 0.486875 0.018457 0.147656
5 0.833691 0.617109 0.012402 0.203906
5 0.708413 0.785742 0.018584 0.368359
5 0.688311 0.785234 0.014199 0.367188
7 0.003555 0.557344 0.005273 0.116406
6 0.599873 0.635000 0.004687 0.180000
6 0.587041 0.713750 0.005977 0.298125
6 0.577813 0.689766 0.006465 0.213750
6 0.563936 0.656211 0.012090 0.181172
1 0.939678 0.503828 0.017285 0.100000
1 0.918975 0.485859 0.019824 0.151562
5 0.708262 0.789531 0.021465 0.351562
5 0.701265 0.787500 0.012080 0.380625
