1 0.158047 0.583633 0.008789 0.055391
7 0.554512 0.376602 0.002109 0.037266
1 0.226064 0.930937 0.106543 0.138125
1 0.089526 0.588437 0.011084 0.151094
1 0.103682 0.601602 0.015156 0.154141
1 0.121465 0.639141 0.018633 0.139687
1 0.141846 0.642227 0.019551 0.144453
1 0.163638 0.687148 0.024502 0.183516
1 0.186260 0.712734 0.021758 0.166250
1 0.221387 0.651797 0.009004 0.082187
1 0.205718 0.654727 0.008506 0.081016
1 0.501812 0.826250 0.034463 0.324375
1 0.444268 0.800117 0.051250 0.392578
1 0.294229 0.814414 0.074570 0.359609
7 0.557075 0.673242 0.008018 0.288828
1 0.615020 0.529258 0.019414 0.111172
7 0.556367 0.556406 0.003359 0.111094
7 0.368750 0.701211 0.005117 0.194453
1 0.172861 0.572891 0.008750 0.076406
8 0.952275 0.377031 0.005254 0.078125
3 0.992495 0.417227 0.013389 0.170703
1 0.472915 0.639258 0.007744 0.064766
