7 0.710649 0.372500 0.002334 0.085469
3 0.517236 0.558867 0.009277 0.124453
1 0.008818 0.758008 0.017598 0.273828
1 0.126714 0.817109 0.088096 0.349063
1 0.321655 0.886797 0.094150 0.228750
3 0.056816 0.574844 0.070605 0.745781
7 0.426147 0.838594 0.016318 0.322812
7 0.438359 0.902734 0.007266 0.194531
5 0.215039 0.538594 0.007676 0.136406
5 0.225933 0.536953 0.006533 0.124531
5 0.252808 0.593516 0.007783 0.142969
7 0.556777 0.621602 0.004063 0.169766
7 0.679502 0.547734 0.003770 0.187344
7 0.673833 0.595820 0.005283 0.205703
7 0.689937 0.479180 0.004717 0.138047
1 0.995684 0.698086 0.008633 0.317422
7 0.933018 0.727305 0.011738 0.331641
3 0.505020 0.542852 0.015840 0.271172
1 0.504683 0.732969 0.017080 0.236719
7 0.443652 0.038711 0.003965 0.055078
