1 0.324683 0.877773 0.067822 0.236016
1 0.442065 0.726445 0.024092 0.208203
1 0.913887 0.521914 0.035469 0.234297
1 0.405776 0.835664 0.043857 0.338828
1 0.463730 0.678242 0.015879 0.138047
1 0.479194 0.624805 0.014268 0.105078
1 0.069653 0.660195 0.021182 0.171797
1 0.246553 0.874609 0.049375 0.248906
1 0.165693 0.654766 0.014668 0.057500
1 0.014805 0.550117 0.012383 0.089922
1 0.039453 0.657813 0.031328 0.265937
1 0.483721 0.675781 0.009512 0.078125
1 0.505146 0.648281 0.011074 0.085313
1 0.492173 0.620742 0.008232 0.067422
