7 0.752852 0.400156 0.002461 0.083125
7 0.751016 0.355859 0.001621 0.046094
7 0.750083 0.355859 0.001924 0.041406
3 0.547314 0.567187 0.036230 0.132812
7 0.536880 0.603828 0.002861 0.096562
1 0.006030 0.648750 0.012021 0.197969
1 0.042876 0.639727 0.019521 0.218984
1 0.066357 0.749414 0.038184 0.372266
3 0.028437 0.532773 0.023926 0.344141
7 0.185381 0.785547 0.012422 0.388281
7 0.188945 0.850859 0.009277 0.250156
7 0.570615 0.678008 0.005449 0.231328
7 0.768691 0.509766 0.003750 0.110156
7 0.771436 0.571523 0.004961 0.163359
7 0.760439 0.460664 0.003867 0.098203
1 0.997075 0.645273 0.005850 0.211797
7 0.970972 0.603477 0.006475 0.154141
3 0.503643 0.561016 0.017090 0.247969
1 0.502139 0.790938 0.021582 0.297188
