1 0.723184 0.467031 0.043477 0.222187
1 0.803774 0.437539 0.020439 0.101641
1 0.781948 0.399687 0.016221 0.083594
1 0.690547 0.462813 0.010938 0.159531
7 0.523154 0.597031 0.003770 0.126719
7 0.480103 0.590078 0.002998 0.056250
7 0.472852 0.592070 0.002344 0.059609
7 0.463198 0.595469 0.002373 0.059688
1 0.835635 0.469648 0.029121 0.182422
1 0.123037 0.840078 0.076719 0.318125
1 0.007549 0.643594 0.014453 0.181094
7 0.973276 0.565977 0.002061 0.098047
7 0.976772 0.559648 0.002881 0.112578
1 0.856421 0.524570 0.049580 0.321016
1 0.030566 0.637266 0.020078 0.181094
7 0.298867 0.703984 0.005781 0.158125
1 0.488828 0.579375 0.007344 0.086875
