1 0.770210 0.460156 0.043291 0.223906
1 0.825981 0.432656 0.020771 0.105781
1 0.801909 0.396719 0.015830 0.083594
7 0.527280 0.602383 0.004072 0.146953
7 0.481348 0.583398 0.003086 0.064453
7 0.473613 0.595508 0.002539 0.068359
7 0.462520 0.598750 0.002441 0.067031
1 0.871211 0.507031 0.026719 0.217187
1 0.126621 0.847734 0.077383 0.307969
1 0.008628 0.651719 0.015732 0.190937
7 0.977656 0.564414 0.001973 0.089766
7 0.980908 0.558086 0.002305 0.098984
1 0.892534 0.518984 0.037998 0.266562
1 0.033149 0.644805 0.020459 0.182578
7 0.276885 0.704336 0.005781 0.158047
1 0.487959 0.578750 0.007695 0.093438
