1 0.160381 0.590977 0.008730 0.055391
1 0.992246 0.458008 0.005156 0.050391
1 0.132495 0.885508 0.097549 0.219922
1 0.091641 0.593711 0.011504 0.151172
1 0.107915 0.613398 0.015322 0.154141
1 0.122954 0.644453 0.018740 0.147344
1 0.143706 0.648477 0.020576 0.157266
1 0.165938 0.695352 0.025020 0.198516
1 0.189604 0.721094 0.021104 0.180312
1 0.223979 0.650234 0.009697 0.088750
1 0.208960 0.657656 0.008506 0.080937
1 0.501157 0.826406 0.036260 0.328437
1 0.444258 0.791758 0.049063 0.413359
1 0.388926 0.711797 0.017480 0.207969
7 0.575044 0.684688 0.008018 0.288906
1 0.613535 0.525273 0.021152 0.111172
7 0.573242 0.530312 0.003359 0.093594
7 0.368760 0.690039 0.004688 0.178359
7 0.630337 0.512734 0.003271 0.072344
1 0.174214 0.570234 0.008760 0.076406
8 0.915991 0.254336 0.005928 0.083828
3 0.987822 0.425234 0.009902 0.127969
1 0.473774 0.627891 0.008682 0.062187
