1 0.222505 0.866797 0.090615 0.266406
1 0.366260 0.751172 0.023926 0.124063
1 0.460708 0.758555 0.029229 0.274453
1 0.032900 0.595820 0.009258 0.078672
3 0.047168 0.560547 0.019922 0.214844
1 0.025508 0.605703 0.010645 0.078125
2 0.021973 0.509844 0.006250 0.091250
1 0.065933 0.690391 0.019893 0.202500
7 0.986230 0.582656 0.004395 0.174531
1 0.275728 0.773984 0.035420 0.215156
2 0.126416 0.683750 0.044043 0.177813
1 0.163271 0.741758 0.028730 0.143047
1 0.198755 0.771055 0.028076 0.176953
1 0.237158 0.789453 0.027422 0.155781
