1 0.461260 0.614062 0.019785 0.181094
1 0.687842 0.708828 0.016777 0.102812
1 0.670005 0.698203 0.024053 0.147969
1 0.018062 0.790234 0.035752 0.420313
7 0.310044 0.608555 0.016240 0.390547
1 0.322842 0.522070 0.026602 0.130234
1 0.305352 0.489219 0.019805 0.092656
5 0.939341 0.573086 0.009775 0.099609
5 0.897720 0.662109 0.006768 0.144531
5 0.893389 0.661953 0.008398 0.139844
5 0.885713 0.671875 0.009824 0.147969
5 0.800337 0.810156 0.011963 0.179219
7 0.929766 0.584883 0.007656 0.197578
1 0.663682 0.731953 0.025527 0.145312
5 0.125493 0.547695 0.014717 0.215234
5 0.137500 0.549063 0.011348 0.214844
5 0.148838 0.566055 0.012617 0.226797
5 0.169551 0.594883 0.009922 0.247578
5 0.178467 0.619219 0.013379 0.193125
5 0.177681 0.598672 0.012881 0.258906
5 0.188105 0.598555 0.013105 0.259141
5 0.203145 0.623359 0.013379 0.225938
1 0.515938 0.596953 0.017090 0.137344
