7 0.382720 0.802109 0.008955 0.312812
1 0.552070 0.580859 0.007969 0.078906
2 0.451465 0.571211 0.060352 0.857578
7 0.286172 0.818828 0.012559 0.362344
1 0.485205 0.678477 0.009355 0.099609
1 0.037510 0.688008 0.022715 0.236328
1 0.012603 0.804297 0.024932 0.389844
1 0.193223 0.708555 0.020410 0.225703
1 0.985791 0.599453 0.017988 0.205469
3 0.809946 0.501250 0.319697 0.997500
1 0.526738 0.684766 0.021816 0.145937
3 0.516230 0.563359 0.010742 0.187969
1 0.500815 0.750781 0.025420 0.292969
2 0.501899 0.544961 0.012314 0.150391
1 0.994116 0.845586 0.011768 0.308828
1 0.018423 0.572344 0.009502 0.086875
