3 0.587656 0.534023 0.096758 0.453828
7 0.124409 0.643164 0.005010 0.094453
8 0.073101 0.618477 0.007803 0.139141
1 0.120801 0.651992 0.011758 0.065234
2 0.734458 0.395391 0.006709 0.088594
7 0.870234 0.431445 0.005566 0.121172
8 0.903320 0.435625 0.005273 0.100781
7 0.473779 0.760195 0.011973 0.388203
8 0.545210 0.789062 0.017217 0.421875
1 0.512012 0.837500 0.041602 0.325000
1 0.740308 0.433008 0.006455 0.052734
7 0.721826 0.527148 0.005781 0.168516
1 0.673657 0.529844 0.016357 0.114844
1 0.640576 0.565195 0.018262 0.176953
1 0.534131 0.654844 0.010449 0.177187
7 0.750508 0.429023 0.003203 0.072891
1 0.030889 0.710430 0.035371 0.270859
