1 0.037671 0.624766 0.016787 0.169375
1 0.109561 0.851250 0.064258 0.265312
1 0.415425 0.818359 0.039307 0.307813
1 0.472666 0.656289 0.015859 0.146328
1 0.980142 0.541719 0.013193 0.097500
5 0.945557 0.606328 0.013008 0.107969
7 0.398462 0.684492 0.004346 0.140078
7 0.353066 0.664297 0.005273 0.095938
7 0.256123 0.690937 0.006641 0.186094
7 0.259854 0.696875 0.005586 0.181875
7 0.328169 0.692813 0.006357 0.137187
7 0.348599 0.636367 0.004443 0.074922
2 0.018779 0.527148 0.016113 0.121328
5 0.232822 0.713945 0.005449 0.104141
5 0.226895 0.718828 0.003379 0.107969
5 0.221597 0.711367 0.005107 0.112734
5 0.213711 0.702031 0.003887 0.105156
