1 0.381445 0.806641 0.055137 0.388281
1 0.938887 0.461367 0.018730 0.133516
3 0.466885 0.586016 0.028203 0.277031
3 0.313525 0.639258 0.131543 0.632891
1 0.495562 0.616172 0.011436 0.102344
3 0.893896 0.388672 0.048926 0.283594
1 0.013428 0.606953 0.026855 0.234531
1 0.937402 0.517617 0.026387 0.153672
1 0.481743 0.741914 0.027725 0.258828
1 0.024087 0.540039 0.022529 0.126328
1 0.106802 0.834180 0.071982 0.323359
3 0.153970 0.613594 0.175068 0.772813
7 0.055771 0.507539 0.004922 0.100547
7 0.051890 0.501758 0.003975 0.103516
7 0.047627 0.491406 0.004746 0.101563
1 0.887783 0.446523 0.018574 0.135078
7 0.831167 0.749375 0.033389 0.501250
