1 0.468081 0.600742 0.021807 0.151484
1 0.411733 0.613008 0.019404 0.130391
8 0.616152 0.545000 0.009121 0.184688
1 0.330127 0.624609 0.016895 0.097656
1 0.544839 0.515195 0.013311 0.077891
3 0.338950 0.580234 0.028545 0.202344
1 0.389346 0.852109 0.031934 0.292187
1 0.990312 0.574883 0.018652 0.154141
1 0.486597 0.846133 0.038564 0.307734
1 0.015151 0.626094 0.017979 0.145781
1 0.028760 0.816953 0.049355 0.365469
7 0.070508 0.567734 0.005469 0.152656
7 0.964038 0.649180 0.008760 0.314141
7 0.982388 0.538125 0.004932 0.113906
3 0.612734 0.469297 0.033301 0.188906
2 0.574194 0.515703 0.014697 0.156250
3 0.290903 0.597930 0.059248 0.201484
