1 0.470586 0.734687 0.025820 0.167500
1 0.889937 0.530195 0.010283 0.087578
1 0.987319 0.846445 0.023857 0.308047
1 0.419448 0.630195 0.014893 0.116484
1 0.524121 0.847578 0.036035 0.300937
1 0.120034 0.555352 0.020420 0.144453
1 0.064019 0.661836 0.034971 0.294141
1 0.022568 0.825898 0.045352 0.345547
1 0.501152 0.636133 0.022109 0.126484
3 0.448911 0.596406 0.049951 0.339531
3 0.930713 0.516797 0.035488 0.384063
3 0.377173 0.650430 0.053271 0.638047
7 0.737993 0.694844 0.008057 0.141094
7 0.701787 0.692969 0.008789 0.218281
