1 0.983066 0.810703 0.034395 0.383437
8 0.031138 0.543086 0.004404 0.119297
7 0.451943 0.534609 0.003027 0.062500
1 0.618945 0.512109 0.008008 0.061719
1 0.461597 0.786367 0.043682 0.399453
7 0.637695 0.491445 0.009395 0.361172
7 0.630830 0.500664 0.006582 0.339609
7 0.974946 0.603828 0.004072 0.191250
7 0.978281 0.599102 0.003320 0.199609
1 0.032500 0.538984 0.004941 0.066406
7 0.278994 0.601328 0.002246 0.046875
7 0.418633 0.549180 0.002070 0.069609
7 0.453101 0.558359 0.002764 0.082500
7 0.553643 0.511172 0.002461 0.056250
