1 0.021382 0.606563 0.012979 0.106719
1 0.378491 0.841562 0.061670 0.316875
1 0.501577 0.633789 0.012822 0.115703
1 0.472925 0.703906 0.020361 0.205781
1 0.051489 0.607422 0.014658 0.121875
1 0.873101 0.486563 0.019600 0.106562
1 0.047432 0.762969 0.034219 0.311094
1 0.449849 0.829688 0.037002 0.338906
1 0.300376 0.809375 0.157920 0.389375
1 0.857437 0.451250 0.017295 0.101250
2 0.842671 0.418125 0.021240 0.129375
1 0.498887 0.865625 0.041855 0.268750
2 0.015000 0.482070 0.011914 0.168516
1 0.005840 0.540664 0.008047 0.066484
