1 0.506299 0.589531 0.008965 0.075625
1 0.283486 0.857070 0.058340 0.317891
1 0.035581 0.593086 0.013369 0.100234
1 0.088931 0.639141 0.016162 0.115312
7 0.434131 0.683398 0.005332 0.118516
1 0.095576 0.669805 0.024180 0.149922
1 0.388027 0.863750 0.088281 0.237031
1 0.138042 0.680508 0.038486 0.213984
7 0.234199 0.767813 0.008262 0.239062
7 0.444058 0.662500 0.007041 0.136094
7 0.614111 0.749883 0.019824 0.439141
5 0.616714 0.910117 0.020654 0.167109
1 0.006328 0.582109 0.012227 0.149219
1 0.488887 0.631289 0.010645 0.103359
1 0.055376 0.764961 0.035010 0.323828
1 0.025513 0.609414 0.011787 0.096484
1 0.505859 0.735547 0.022734 0.243281
1 0.469248 0.766680 0.025430 0.232422
