2 0.382788 0.662344 0.081982 0.649844
1 0.043896 0.789062 0.030176 0.276563
1 0.007300 0.667031 0.014443 0.232344
1 0.030645 0.652773 0.024063 0.201016
1 0.019956 0.595000 0.012295 0.114062
1 0.241699 0.702031 0.018711 0.188906
1 0.208457 0.630977 0.017207 0.069922
1 0.449741 0.684531 0.022197 0.184063
1 0.475288 0.644766 0.005479 0.078906
1 0.481338 0.634687 0.006680 0.066406
1 0.466743 0.655312 0.012021 0.129688
7 0.584814 0.732344 0.011348 0.346719
7 0.732642 0.579922 0.003037 0.140938
7 0.735366 0.572656 0.003037 0.140937
3 0.694458 0.565352 0.019463 0.173359
