7 0.738892 0.381641 0.002646 0.084688
7 0.739854 0.338711 0.001621 0.051797
7 0.738638 0.352070 0.001768 0.057109
3 0.533813 0.565117 0.037061 0.136953
1 0.006714 0.653477 0.013213 0.244922
1 0.053086 0.679609 0.034434 0.308750
1 0.097764 0.805078 0.079395 0.389844
3 0.034780 0.530859 0.036123 0.435000
7 0.253013 0.807656 0.014600 0.384687
7 0.265825 0.914687 0.009814 0.170625
7 0.563096 0.658164 0.005293 0.196328
7 0.741699 0.510547 0.003750 0.114375
7 0.740054 0.575508 0.004971 0.194141
7 0.738594 0.464844 0.003691 0.098906
1 0.996304 0.663594 0.007393 0.248437
7 0.963755 0.622891 0.007061 0.186562
3 0.503799 0.558594 0.017090 0.247969
1 0.502974 0.763359 0.020205 0.258281
