1 0.486465 0.657305 0.010879 0.096797
7 0.446338 0.694375 0.006074 0.186406
1 0.652319 0.545312 0.017822 0.156250
1 0.666074 0.547148 0.008418 0.100547
2 0.491948 0.547148 0.007920 0.141172
1 0.039053 0.695078 0.021250 0.222813
1 0.301851 0.645117 0.017041 0.142109
1 0.014785 0.804609 0.028633 0.392031
1 0.342026 0.711602 0.026045 0.176953
1 0.987881 0.596328 0.015449 0.191406
3 0.926973 0.500469 0.110527 0.999062
1 0.550771 0.795977 0.039492 0.301016
3 0.522729 0.564688 0.016865 0.290312
1 0.499946 0.770586 0.025400 0.291172
2 0.502578 0.556797 0.013027 0.159687
1 0.993164 0.845586 0.013672 0.308828
1 0.604604 0.580508 0.008701 0.135078
1 0.454419 0.806641 0.043994 0.312500
1 0.019009 0.566719 0.007920 0.072656
