1 0.956538 0.808203 0.040244 0.383594
1 0.682720 0.678516 0.012686 0.152344
7 0.392754 0.590820 0.006953 0.130391
5 0.391973 0.708906 0.006211 0.115469
7 0.854790 0.790469 0.014424 0.419063
7 0.841597 0.799297 0.010439 0.401406
1 0.985176 0.738867 0.019863 0.353828
7 0.729033 0.634258 0.004023 0.140391
1 0.005991 0.753242 0.011982 0.425547
1 0.635820 0.820977 0.041953 0.343984
8 0.789375 0.757227 0.017090 0.485547
5 0.789165 0.930273 0.020283 0.139453
8 0.764678 0.785117 0.026055 0.429766
7 0.735591 0.645508 0.004443 0.136172
