1 0.510146 0.541484 0.010410 0.090000
1 0.384878 0.484297 0.013701 0.079531
1 0.463623 0.716523 0.026641 0.238359
1 0.066367 0.819492 0.052852 0.361016
7 0.398740 0.560273 0.006230 0.164141
7 0.116226 0.566602 0.005459 0.166484
7 0.186201 0.528945 0.006699 0.206641
7 0.213345 0.561875 0.004072 0.228594
7 0.140566 0.545195 0.007285 0.167734
7 0.589473 0.726523 0.007090 0.429922
1 0.452725 0.502461 0.016191 0.089141
1 0.520962 0.597266 0.018623 0.100469
1 0.536104 0.567148 0.015234 0.092578
3 0.022690 0.514336 0.015068 0.187422
1 0.408638 0.496133 0.013857 0.076641
7 0.925854 0.388906 0.003838 0.076406
3 0.030771 0.516172 0.008125 0.130000
