1 0.418472 0.614531 0.022314 0.126094
1 0.989907 0.573828 0.018252 0.161719
1 0.371021 0.613750 0.014072 0.112187
1 0.330664 0.605039 0.018984 0.146641
1 0.467290 0.568320 0.018604 0.124297
3 0.483120 0.526367 0.041123 0.203672
7 0.202383 0.818711 0.010059 0.355703
7 0.891230 0.782383 0.015234 0.432422
7 0.733105 0.754375 0.021563 0.481094
1 0.544424 0.572656 0.019727 0.142188
1 0.486753 0.860820 0.040928 0.274766
1 0.330957 0.712109 0.024023 0.161719
2 0.301514 0.609766 0.013965 0.128906
1 0.315674 0.628516 0.012598 0.121094
3 0.618081 0.493711 0.041455 0.195859
7 0.453545 0.556914 0.003340 0.107734
7 0.611675 0.571953 0.004971 0.163906
