1 0.328862 0.632148 0.015771 0.106484
7 0.246880 0.678633 0.003975 0.093984
1 0.480649 0.777031 0.030361 0.292969
1 0.428145 0.554063 0.019043 0.129688
1 0.394365 0.606484 0.020313 0.107812
1 0.468740 0.577070 0.024883 0.107578
1 0.524150 0.501797 0.014258 0.078125
1 0.449331 0.555703 0.018232 0.113438
1 0.369419 0.602227 0.022822 0.133828
7 0.549424 0.579766 0.004590 0.160156
1 0.967559 0.603477 0.029844 0.216484
1 0.567749 0.467773 0.010088 0.056797
8 0.366362 0.777656 0.015283 0.270937
5 0.367202 0.829883 0.014990 0.167891
