1 0.082646 0.599570 0.012090 0.071641
8 0.232495 0.770781 0.010166 0.354531
5 0.232573 0.862422 0.022158 0.211094
7 0.444126 0.650547 0.004170 0.137500
7 0.474116 0.607070 0.003467 0.093984
7 0.468120 0.615508 0.003662 0.098828
7 0.465469 0.624922 0.003867 0.115000
7 0.541108 0.613398 0.004385 0.144453
7 0.537422 0.611055 0.003359 0.134141
7 0.531860 0.605391 0.003877 0.124219
1 0.976338 0.719844 0.023398 0.223750
5 0.864678 0.656758 0.010020 0.150391
1 0.017729 0.802578 0.035459 0.394844
1 0.008198 0.568359 0.012920 0.094844
7 0.123384 0.713594 0.006709 0.277188
1 0.026318 0.634375 0.016367 0.158750
1 0.508970 0.838164 0.038818 0.323672
1 0.520986 0.620117 0.010117 0.082578
1 0.505459 0.649180 0.016133 0.123516
5 0.915488 0.612734 0.012305 0.131875
5 0.909531 0.613672 0.010547 0.110781
5 0.892158 0.628828 0.013867 0.143594
