1 0.198096 0.654062 0.011426 0.092500
1 0.436123 0.596797 0.011484 0.072500
7 0.561553 0.773594 0.012500 0.377344
7 0.517354 0.611211 0.004473 0.131797
1 0.186401 0.673438 0.015674 0.100156
7 0.539600 0.656016 0.005879 0.230156
7 0.513242 0.574609 0.003223 0.096875
1 0.204775 0.664336 0.008008 0.063047
1 0.213433 0.666523 0.007842 0.061484
1 0.309092 0.620078 0.016211 0.076875
1 0.040278 0.688555 0.025283 0.272422
1 0.003906 0.566680 0.007129 0.064297
1 0.485508 0.634961 0.013301 0.121484
1 0.433794 0.856523 0.054092 0.284766
2 0.013594 0.491406 0.013105 0.243281
7 0.976533 0.568359 0.003926 0.086719
