1 0.671938 0.480195 0.038760 0.190859
7 0.484844 0.581836 0.001992 0.056641
7 0.479468 0.584258 0.002646 0.048516
7 0.472603 0.587539 0.002275 0.049609
7 0.464014 0.591523 0.002266 0.050859
1 0.773135 0.457227 0.021875 0.140703
1 0.113247 0.835820 0.071104 0.336641
1 0.007207 0.644531 0.013398 0.165156
1 0.048799 0.601328 0.013809 0.092031
7 0.965210 0.584102 0.002783 0.122734
7 0.969878 0.578477 0.003174 0.135703
1 0.791113 0.573516 0.063066 0.366250
1 0.027471 0.628164 0.019629 0.179453
7 0.324189 0.695508 0.005762 0.151484
1 0.489863 0.580117 0.006914 0.078984
