1 0.053633 0.595195 0.019102 0.111016
1 0.063057 0.566797 0.018418 0.101875
7 0.208057 0.651523 0.005605 0.173047
7 0.242188 0.600508 0.006309 0.159922
7 0.247856 0.595508 0.005088 0.146328
7 0.314312 0.683555 0.004795 0.092578
7 0.323008 0.680781 0.004336 0.091875
7 0.883428 0.586523 0.007480 0.262891
7 0.875811 0.591875 0.007520 0.257656
7 0.868818 0.584102 0.006934 0.228672
7 0.965713 0.680625 0.011055 0.466250
6 0.840313 0.736445 0.007773 0.284922
6 0.962183 0.759766 0.005967 0.312500
6 0.957275 0.777187 0.005371 0.337812
6 0.951519 0.761211 0.007725 0.297891
6 0.935742 0.736406 0.007812 0.285000
