1 0.023330 0.508750 0.017051 0.120312
2 0.658184 0.634375 0.032637 0.243750
1 0.685337 0.747578 0.034053 0.197031
1 0.995195 0.588633 0.008789 0.362578
1 0.558677 0.737305 0.044111 0.316328
5 0.535874 0.631523 0.009697 0.075547
5 0.528433 0.577734 0.012139 0.066406
5 0.400137 0.526484 0.028438 0.088906
1 0.294834 0.507070 0.030898 0.158203
7 0.273096 0.515234 0.006289 0.140000
5 0.425977 0.493906 0.014102 0.063281
1 0.006509 0.599766 0.013018 0.336406
1 0.242759 0.522656 0.018779 0.114063
1 0.186113 0.522227 0.028555 0.098672
