7 0.883125 0.423750 0.002246 0.074219
1 0.703218 0.493320 0.010068 0.088047
7 0.078877 0.627617 0.005273 0.148984
7 0.915117 0.503984 0.005137 0.121094
8 0.951787 0.535547 0.005273 0.118750
3 0.734692 0.429570 0.018877 0.134141
7 0.595669 0.726328 0.010947 0.340313
8 0.545210 0.789062 0.017217 0.421875
1 0.512012 0.837500 0.041602 0.325000
1 0.669678 0.556016 0.026074 0.158281
7 0.683022 0.587266 0.009443 0.243281
1 0.691567 0.514648 0.010420 0.112891
1 0.651484 0.540234 0.023184 0.158906
1 0.621084 0.565312 0.029043 0.197188
1 0.573267 0.630234 0.032412 0.173438
7 0.749468 0.432148 0.003193 0.072891
1 0.489390 0.704063 0.031514 0.194531
7 0.411616 0.702266 0.007100 0.242969
1 0.100039 0.638047 0.014844 0.094531
