1 0.029297 0.575977 0.011172 0.123359
1 0.052231 0.670859 0.021787 0.137344
1 0.194136 0.893633 0.092490 0.209922
1 0.445845 0.753281 0.029795 0.275313
1 0.994878 0.543828 0.008584 0.093281
5 0.965474 0.583555 0.005850 0.104609
7 0.368574 0.715234 0.004707 0.161094
7 0.288086 0.753789 0.007129 0.250078
7 0.212822 0.665117 0.006641 0.154609
7 0.201689 0.674531 0.005586 0.181875
7 0.291997 0.701758 0.006768 0.144766
7 0.329536 0.640508 0.003916 0.103047
7 0.331406 0.646836 0.005352 0.085859
2 0.023281 0.522617 0.013477 0.102578
7 0.123149 0.638281 0.004326 0.113281
5 0.192310 0.688906 0.005381 0.093125
5 0.176533 0.677734 0.003887 0.105156
