1 0.442568 0.859766 0.048457 0.280469
1 0.750635 0.564531 0.013574 0.127188
7 0.423662 0.730938 0.006250 0.226250
1 0.703721 0.579570 0.013848 0.188516
1 0.712256 0.525625 0.007559 0.084219
1 0.743125 0.554922 0.007012 0.081719
1 0.738325 0.532734 0.004951 0.065312
2 0.483770 0.574336 0.017422 0.283672
7 0.402300 0.749492 0.005908 0.201016
1 0.015996 0.537891 0.005703 0.057969
1 0.251797 0.626484 0.009336 0.121875
1 0.014614 0.795898 0.028682 0.405703
1 0.267168 0.709648 0.022227 0.201016
1 0.986699 0.598086 0.016895 0.199453
3 0.874297 0.500898 0.206504 0.998203
1 0.533081 0.720703 0.027979 0.211719
3 0.519102 0.573164 0.013008 0.218984
1 0.498867 0.760273 0.025410 0.294453
2 0.502036 0.547383 0.012627 0.154453
1 0.993706 0.845586 0.012588 0.308828
1 0.038335 0.655781 0.021572 0.244687
