7 0.027891 0.512188 0.001953 0.054688
7 0.042490 0.522891 0.002891 0.065781
2 0.408179 0.424492 0.029834 0.190234
1 0.599287 0.640781 0.018770 0.105000
1 0.418779 0.529102 0.024375 0.123047
1 0.102417 0.805000 0.085537 0.387187
1 0.044595 0.724063 0.034307 0.312656
1 0.055596 0.587969 0.017012 0.215469
3 0.205898 0.519258 0.286602 0.960703
1 0.273472 0.895664 0.121104 0.208672
7 0.353945 0.476016 0.003398 0.105000
2 0.492432 0.496211 0.065000 0.390234
7 0.620151 0.117539 0.003643 0.046172
7 0.869521 0.130977 0.005703 0.156953
7 0.972705 0.660820 0.007305 0.265078
7 0.886509 0.846836 0.009775 0.285078
7 0.896362 0.756563 0.011143 0.486875
