1 0.032974 0.608477 0.013799 0.142266
1 0.078125 0.780234 0.042520 0.259375
1 0.375259 0.872266 0.068682 0.255469
1 0.467129 0.666094 0.018691 0.168281
1 0.983955 0.544141 0.009629 0.093281
5 0.952197 0.598750 0.010625 0.106875
7 0.389785 0.689570 0.004473 0.147109
7 0.333623 0.693398 0.005898 0.147266
7 0.241689 0.682305 0.006641 0.175547
7 0.240469 0.689414 0.005586 0.181797
7 0.316138 0.697891 0.006768 0.144688
7 0.338281 0.642656 0.004980 0.081406
2 0.020278 0.525664 0.015225 0.115078
5 0.218315 0.710742 0.005459 0.104141
5 0.212251 0.712500 0.003369 0.107969
5 0.206836 0.693398 0.005098 0.112734
5 0.200039 0.697656 0.003887 0.105156
