1 0.683257 0.509922 0.016064 0.107813
7 0.478379 0.589570 0.005898 0.113203
7 0.496797 0.591406 0.005410 0.111250
8 0.499575 0.588359 0.007002 0.097812
1 0.075713 0.820508 0.061504 0.352266
1 0.505581 0.858398 0.037217 0.271172
1 0.010747 0.815859 0.021748 0.377031
1 0.987759 0.798281 0.024229 0.399375
1 0.020347 0.664141 0.026943 0.275312
1 0.626514 0.578086 0.024277 0.153984
1 0.648799 0.548086 0.018359 0.117422
7 0.510020 0.587617 0.005059 0.101016
7 0.952861 0.596211 0.006895 0.219453
7 0.171284 0.782578 0.013682 0.434531
7 0.781309 0.466133 0.005566 0.113359
1 0.604839 0.534219 0.036611 0.255781
