1 0.026689 0.727578 0.029258 0.295312
1 0.103911 0.623633 0.015439 0.151172
1 0.122275 0.638398 0.020371 0.153984
1 0.143345 0.674180 0.023564 0.186953
1 0.168018 0.673516 0.024688 0.204375
1 0.193535 0.724375 0.025742 0.219219
1 0.217129 0.740938 0.020195 0.199844
1 0.239604 0.658789 0.011943 0.103672
1 0.005181 0.504180 0.008389 0.097422
1 0.503018 0.826602 0.033066 0.332891
1 0.460044 0.722891 0.032686 0.343906
1 0.376338 0.661094 0.021074 0.128281
7 0.580039 0.697422 0.008027 0.288906
1 0.605298 0.507930 0.018057 0.097422
7 0.587617 0.524570 0.003359 0.090703
7 0.385630 0.664727 0.004092 0.156328
7 0.603530 0.511797 0.003271 0.067031
1 0.187329 0.587656 0.008760 0.076406
8 0.802632 0.124258 0.010498 0.131016
3 0.983853 0.469570 0.008213 0.101172
1 0.475664 0.582734 0.009238 0.044375
