1 0.521792 0.527617 0.025518 0.153984
1 0.617134 0.520781 0.015439 0.086406
1 0.264751 0.564844 0.015010 0.081406
7 0.649175 0.532539 0.004951 0.067891
8 0.635645 0.516953 0.003906 0.050000
1 0.484932 0.800664 0.053613 0.398672
2 0.403970 0.436289 0.040498 0.228984
1 0.316113 0.551172 0.021035 0.110156
1 0.285337 0.560586 0.013037 0.086641
1 0.290825 0.544492 0.011045 0.058359
1 0.300142 0.546250 0.013975 0.098125
3 0.272886 0.513125 0.024365 0.116094
1 0.268110 0.522773 0.013115 0.074766
7 0.652925 0.559570 0.005830 0.111953
7 0.658389 0.553008 0.006094 0.102422
7 0.010103 0.554883 0.003857 0.123672
7 0.586172 0.516563 0.003906 0.071875
7 0.459893 0.526484 0.005078 0.120313
7 0.466396 0.527109 0.005664 0.117188
7 0.471572 0.524375 0.004102 0.114844
7 0.475527 0.521641 0.003027 0.112500
7 0.489639 0.526719 0.005859 0.116406
7 0.450293 0.522578 0.005664 0.114062
