1 0.039282 0.613008 0.011084 0.144297
1 0.073467 0.638164 0.015742 0.208672
1 0.499160 0.576680 0.008223 0.081172
1 0.143262 0.826563 0.076367 0.321875
1 0.380518 0.842656 0.064551 0.314688
7 0.979863 0.549258 0.005371 0.138203
1 0.060029 0.697617 0.031367 0.215703
1 0.480288 0.667539 0.014209 0.135078
1 0.008853 0.783008 0.017803 0.378828
1 0.512954 0.628437 0.016709 0.197500
1 0.027178 0.667930 0.020820 0.213672
1 0.014536 0.560117 0.010830 0.096484
7 0.986050 0.559492 0.004717 0.152422
1 0.439189 0.817305 0.049219 0.357109
