1 0.342275 0.679648 0.021504 0.113984
1 0.994424 0.655391 0.009902 0.198281
2 0.124233 0.507266 0.111592 0.682656
7 0.548105 0.665156 0.007637 0.249219
1 0.032349 0.601836 0.013857 0.098984
1 0.485879 0.576367 0.006172 0.069922
7 0.533018 0.585703 0.002930 0.119219
7 0.529912 0.589219 0.002344 0.126250
1 0.677227 0.386641 0.012285 0.052656
1 0.003779 0.634492 0.007969 0.215703
1 0.449829 0.715586 0.029189 0.310859
1 0.102344 0.811289 0.097070 0.350234
7 0.972319 0.553828 0.003838 0.140469
7 0.974844 0.547266 0.004219 0.146094
7 0.981606 0.509805 0.003174 0.078828
1 0.474507 0.617930 0.011377 0.110859
