1 0.393276 0.620937 0.022236 0.125625
1 0.327056 0.652891 0.020479 0.119688
7 0.186284 0.788477 0.005967 0.280859
7 0.605923 0.585547 0.005205 0.174219
1 0.664482 0.467422 0.012051 0.122969
1 0.990151 0.571523 0.018447 0.159297
1 0.338994 0.633789 0.019941 0.122891
1 0.311592 0.618477 0.015820 0.122891
1 0.440103 0.577617 0.019463 0.119922
3 0.464287 0.545898 0.063340 0.219453
7 0.919639 0.785469 0.014004 0.423906
7 0.802773 0.745352 0.024609 0.499922
1 0.486753 0.860820 0.040928 0.274766
1 0.382495 0.796602 0.031650 0.214297
1 0.296094 0.620547 0.011426 0.106250
3 0.617715 0.487891 0.035254 0.182344
1 0.257422 0.620469 0.007617 0.058594
1 0.269443 0.625156 0.005762 0.057031
