1 0.358437 0.594609 0.012500 0.098125
1 0.035000 0.592617 0.011484 0.108828
1 0.325000 0.577266 0.019316 0.112187
3 0.289697 0.590625 0.047168 0.212500
1 0.091416 0.782656 0.068203 0.376719
7 0.140830 0.728750 0.007715 0.301406
7 0.626465 0.474453 0.002734 0.036719
7 0.991318 0.472500 0.002188 0.040938
7 0.998120 0.472930 0.003643 0.044766
3 0.653755 0.444531 0.028740 0.135937
1 0.666572 0.478359 0.010684 0.093281
1 0.439604 0.575234 0.029521 0.154844
1 0.395957 0.642031 0.024961 0.152812
1 0.990454 0.568711 0.018232 0.170703
1 0.376772 0.613242 0.024053 0.143047
3 0.459814 0.532930 0.052441 0.191953
7 0.957603 0.698125 0.009131 0.314219
7 0.916011 0.750664 0.017393 0.498516
1 0.486753 0.860820 0.040928 0.274766
3 0.616572 0.490469 0.035254 0.182344
