7 0.935303 0.574883 0.003945 0.202891
7 0.424634 0.654102 0.010479 0.175078
7 0.406616 0.642187 0.006084 0.105625
1 0.980454 0.585625 0.017412 0.243125
7 0.872402 0.640156 0.011055 0.520938
7 0.855986 0.714531 0.018652 0.555312
7 0.928818 0.581172 0.006094 0.224531
3 0.504546 0.533867 0.103916 0.575547
2 0.464258 0.637109 0.004297 0.091406
7 0.094038 0.614062 0.006260 0.180781
5 0.073589 0.626406 0.012939 0.100312
5 0.049307 0.593945 0.008086 0.059922
7 0.396284 0.624961 0.004893 0.128359
7 0.307979 0.667930 0.006035 0.174453
7 0.383979 0.641914 0.003994 0.144297
7 0.357568 0.635039 0.002324 0.098203
