7 0.710254 0.370859 0.002148 0.085469
3 0.516846 0.558867 0.008496 0.124453
1 0.008921 0.726094 0.017744 0.338906
1 0.128242 0.818672 0.090918 0.346250
1 0.325552 0.887227 0.094092 0.229766
3 0.056089 0.572617 0.067900 0.751016
7 0.429019 0.836641 0.016318 0.326719
7 0.441191 0.899219 0.007266 0.201562
5 0.215601 0.539375 0.007256 0.136406
5 0.225933 0.536953 0.006533 0.124531
5 0.254326 0.594922 0.007793 0.142969
7 0.556792 0.621367 0.004033 0.169297
7 0.678125 0.549258 0.003516 0.188984
7 0.672544 0.596055 0.005127 0.205703
7 0.688721 0.484570 0.004707 0.138047
1 0.995684 0.698984 0.008633 0.319219
7 0.932207 0.730703 0.011855 0.335625
3 0.505020 0.541172 0.015742 0.274531
1 0.504712 0.732187 0.017080 0.237031
7 0.443276 0.040898 0.004014 0.055078
