7 0.493765 0.595234 0.003682 0.081875
7 0.466587 0.621328 0.004561 0.132344
1 0.495142 0.590156 0.007275 0.057344
1 0.708330 0.658203 0.049746 0.318750
1 0.051128 0.812812 0.037588 0.306719
1 0.025918 0.625352 0.013008 0.143047
1 0.012207 0.773828 0.024414 0.389687
7 0.255562 0.753984 0.011377 0.361875
1 0.405068 0.834648 0.071660 0.330703
3 0.523618 0.559141 0.018896 0.270781
3 0.503691 0.531406 0.009727 0.098437
1 0.504160 0.674023 0.014844 0.175234
1 0.959238 0.764727 0.046113 0.417891
7 0.764775 0.762852 0.014648 0.444766
1 0.847969 0.619570 0.044414 0.330547
1 0.886831 0.616836 0.033174 0.202734
1 0.914927 0.599961 0.022920 0.171641
1 0.928848 0.585859 0.012852 0.151094
3 0.994399 0.505586 0.011084 0.166016
7 0.765771 0.765703 0.013672 0.431875
