3 0.006968 0.442813 0.013936 0.243906
1 0.151177 0.563594 0.008877 0.053281
1 0.182109 0.636523 0.009902 0.079609
7 0.563804 0.359961 0.002568 0.039297
1 0.224023 0.917461 0.106133 0.161016
1 0.081860 0.567852 0.010303 0.134141
1 0.093994 0.573867 0.012383 0.153984
1 0.110605 0.609258 0.016875 0.134609
1 0.128740 0.609766 0.019629 0.136719
1 0.147588 0.661250 0.023770 0.162187
1 0.168135 0.694219 0.023164 0.151406
1 0.195508 0.639570 0.007832 0.073516
1 0.503721 0.825977 0.029961 0.318516
1 0.438726 0.819844 0.054346 0.347500
1 0.032407 0.531406 0.020283 0.136563
7 0.547144 0.721016 0.008018 0.270781
1 0.620288 0.535469 0.021436 0.111094
7 0.532461 0.593281 0.003359 0.135938
7 0.353643 0.727422 0.005742 0.217188
1 0.163950 0.567070 0.008760 0.076484
3 0.993325 0.407813 0.013350 0.203125
1 0.468398 0.660000 0.009883 0.073438
