7 0.890977 0.436719 0.002949 0.078437
1 0.657974 0.528555 0.011162 0.114766
7 0.100342 0.632461 0.005273 0.106953
8 0.124966 0.638867 0.007451 0.115859
7 0.895215 0.476445 0.005566 0.121172
8 0.922676 0.471641 0.005273 0.118750
3 0.741719 0.393828 0.010273 0.088906
7 0.542393 0.774727 0.011113 0.385859
8 0.545210 0.789062 0.017217 0.421875
1 0.512012 0.837500 0.041602 0.325000
1 0.721943 0.477773 0.012285 0.095391
7 0.703218 0.558203 0.008467 0.212344
1 0.677705 0.525000 0.017285 0.114844
1 0.637510 0.559375 0.025664 0.176094
1 0.609429 0.574766 0.030361 0.209219
1 0.562207 0.634531 0.032402 0.173437
7 0.750356 0.429453 0.003193 0.072969
1 0.358750 0.886602 0.069316 0.248359
7 0.396836 0.689063 0.006777 0.178281
1 0.061118 0.623477 0.017979 0.094609
