1 0.659014 0.529102 0.012754 0.116328
7 0.100342 0.632461 0.005273 0.106953
8 0.126157 0.639258 0.007451 0.115859
7 0.895957 0.478008 0.005566 0.121172
8 0.923271 0.473047 0.005273 0.118750
3 0.741553 0.394570 0.010605 0.090391
7 0.543945 0.772383 0.011016 0.381328
8 0.545210 0.789062 0.017217 0.421875
1 0.512012 0.837500 0.041602 0.325000
1 0.721172 0.479766 0.012676 0.097187
7 0.702715 0.558984 0.008594 0.213437
1 0.678281 0.525000 0.017285 0.114844
1 0.638003 0.558438 0.025557 0.175313
1 0.609673 0.574609 0.030361 0.209219
1 0.562397 0.634531 0.032412 0.173437
7 0.750322 0.429570 0.003203 0.072891
1 0.370547 0.875742 0.065801 0.265859
7 0.397275 0.690117 0.006816 0.179922
1 0.061851 0.623555 0.017979 0.094609
