1 0.497046 0.538047 0.013467 0.090000
1 0.387080 0.479766 0.013691 0.079531
1 0.459707 0.761445 0.028262 0.252422
1 0.072363 0.814766 0.058789 0.370469
7 0.396323 0.565430 0.006455 0.174922
7 0.111445 0.565508 0.005527 0.169766
7 0.177998 0.530781 0.006699 0.206719
7 0.201729 0.561875 0.004062 0.228594
7 0.133579 0.543359 0.007295 0.167656
7 0.604375 0.748516 0.009766 0.454531
1 0.441592 0.492734 0.016191 0.089062
1 0.534331 0.598867 0.018623 0.100391
1 0.537725 0.567969 0.016309 0.090938
3 0.023115 0.512461 0.015371 0.189609
1 0.412349 0.503320 0.013857 0.076641
7 0.931792 0.399297 0.003838 0.076406
3 0.028633 0.507617 0.008125 0.130078
