1 0.499326 0.570195 0.009238 0.068203
7 0.575820 0.637148 0.005332 0.168984
7 0.091924 0.591797 0.005273 0.167969
7 0.666353 0.473242 0.003447 0.090703
8 0.968711 0.553984 0.011113 0.226250
7 0.648799 0.487344 0.002695 0.086250
7 0.968164 0.614805 0.011875 0.101797
5 0.795654 0.687734 0.018477 0.192344
5 0.775488 0.624062 0.013418 0.107344
7 0.149219 0.629297 0.004980 0.167969
8 0.946411 0.551797 0.009072 0.267656
5 0.807354 0.678359 0.017520 0.184844
6 0.946172 0.622461 0.007383 0.151172
7 0.914307 0.503125 0.005762 0.162500
8 0.763037 0.498164 0.003379 0.079609
1 0.518193 0.653906 0.012676 0.120625
1 0.032124 0.551367 0.013818 0.116641
