1 0.814692 0.456875 0.041123 0.225625
1 0.845986 0.437227 0.018730 0.100078
1 0.814668 0.389922 0.015098 0.083594
7 0.531406 0.607773 0.004375 0.167266
7 0.474370 0.598945 0.002725 0.077109
7 0.461841 0.602031 0.002510 0.074375
1 0.892930 0.500469 0.018926 0.190000
1 0.129541 0.848281 0.081074 0.295781
1 0.008696 0.655312 0.016631 0.197344
7 0.981631 0.558164 0.001797 0.080391
7 0.984565 0.551875 0.002021 0.087500
1 0.914771 0.518125 0.027783 0.209687
1 0.034966 0.650000 0.020850 0.183906
7 0.254106 0.699609 0.005771 0.158125
1 0.486675 0.590938 0.008896 0.099375
