1 0.141846 0.602344 0.012012 0.051563
1 0.406294 0.644141 0.018564 0.097812
7 0.944067 0.737773 0.012842 0.414297
7 0.546357 0.779609 0.010430 0.345000
7 0.792749 0.765977 0.022314 0.468047
7 0.526108 0.640977 0.005264 0.176797
7 0.515654 0.589063 0.002734 0.077188
7 0.522236 0.601406 0.004687 0.122656
1 0.236362 0.651484 0.019951 0.126406
1 0.033608 0.624531 0.015771 0.166094
1 0.005073 0.566016 0.008252 0.072187
1 0.483555 0.671367 0.015742 0.142109
1 0.314404 0.942734 0.090918 0.114531
2 0.016475 0.489102 0.011582 0.203203
