7 0.343052 0.591016 0.005107 0.119844
7 0.991304 0.725859 0.016416 0.532031
7 0.901875 0.556250 0.006543 0.200781
3 0.672046 0.608672 0.138467 0.406094
1 0.641763 0.714570 0.055400 0.373984
1 0.708511 0.673437 0.036943 0.235938
1 0.752881 0.595625 0.012695 0.064063
2 0.540259 0.563555 0.044131 0.321172
1 0.441240 0.726406 0.027285 0.272813
1 0.383428 0.624570 0.009902 0.061484
1 0.372773 0.605117 0.008672 0.051641
1 0.835693 0.512188 0.005762 0.050000
1 0.839961 0.504727 0.004199 0.038359
1 0.843232 0.496953 0.004102 0.035156
