1 0.478501 0.658945 0.017607 0.191328
8 0.629365 0.612969 0.005137 0.113281
5 0.629277 0.730156 0.007031 0.101250
3 0.997915 0.438633 0.004131 0.069609
5 0.373301 0.822344 0.016094 0.095313
7 0.322002 0.549063 0.002695 0.057187
7 0.226328 0.532617 0.002227 0.060547
1 0.101333 0.826953 0.073564 0.342969
1 0.311494 0.699141 0.029883 0.242188
1 0.646851 0.701211 0.028857 0.203828
7 0.244028 0.788086 0.013975 0.396641
8 0.373848 0.711641 0.008027 0.292031
7 0.255898 0.546875 0.002461 0.067187
7 0.244316 0.528750 0.001992 0.043750
