1 0.425386 0.612852 0.020068 0.110703
7 0.232832 0.647656 0.004199 0.075781
3 0.338975 0.605234 0.084629 0.275156
7 0.505674 0.727344 0.012207 0.310781
7 0.601562 0.642188 0.008105 0.270781
7 0.608135 0.564688 0.005410 0.140937
1 0.549297 0.517695 0.014395 0.076484
7 0.007314 0.571016 0.005957 0.184375
1 0.612305 0.467695 0.011016 0.055078
1 0.485547 0.852734 0.039648 0.294531
1 0.410830 0.592812 0.021504 0.145000
1 0.989551 0.547695 0.020898 0.203047
8 0.561123 0.635000 0.016035 0.221562
5 0.561079 0.681289 0.016104 0.145391
