1 0.941538 0.639180 0.038896 0.275859
1 0.942642 0.635898 0.035889 0.266484
7 0.729004 0.768359 0.012695 0.416406
7 0.343472 0.705898 0.007041 0.252422
7 0.963921 0.641094 0.009229 0.349687
7 0.075112 0.673281 0.009346 0.285469
7 0.116626 0.691406 0.007373 0.288906
7 0.126060 0.706641 0.009092 0.289062
7 0.343198 0.680156 0.008232 0.268594
7 0.737705 0.760430 0.013086 0.465859
7 0.348018 0.656367 0.007773 0.263984
5 0.956050 0.733437 0.015498 0.190781
7 0.898428 0.697578 0.011113 0.279531
7 0.976494 0.634492 0.008789 0.253828
7 0.908242 0.668008 0.011602 0.265703
7 0.877119 0.691211 0.011133 0.300078
8 0.869619 0.673867 0.004336 0.222266
8 0.862373 0.614375 0.014219 0.215000
7 0.837305 0.636602 0.006328 0.175703
7 0.826802 0.627773 0.006162 0.188203
7 0.727310 0.691055 0.008447 0.306953
1 0.447070 0.699727 0.019531 0.193828
7 0.943755 0.654297 0.008408 0.249219
