1 0.506577 0.660937 0.014248 0.133594
1 0.006577 0.596641 0.013154 0.242500
2 0.034502 0.465820 0.024023 0.231953
1 0.041943 0.710742 0.025684 0.266797
1 0.107324 0.784180 0.056445 0.428516
1 0.054683 0.646250 0.014170 0.158750
1 0.274731 0.708867 0.012373 0.141953
1 0.332681 0.895586 0.070186 0.208828
1 0.452539 0.746484 0.022070 0.217187
1 0.299443 0.658906 0.012754 0.124687
1 0.309590 0.706602 0.014023 0.116484
1 0.325200 0.734180 0.022393 0.225234
7 0.308916 0.712852 0.005371 0.147891
7 0.446587 0.648203 0.004854 0.101875
1 0.639790 0.486914 0.019150 0.114922
1 0.665010 0.467109 0.016797 0.072813
