1 0.158340 0.584531 0.008789 0.055469
7 0.553770 0.377773 0.002070 0.037266
1 0.213091 0.919961 0.106572 0.160078
1 0.089395 0.587227 0.010918 0.151172
1 0.103584 0.602930 0.014551 0.154141
1 0.121143 0.639766 0.018105 0.140625
1 0.141938 0.641953 0.019678 0.146094
1 0.163838 0.684805 0.024570 0.185391
1 0.186538 0.713281 0.021670 0.167969
1 0.221543 0.653438 0.009355 0.085469
1 0.206182 0.655391 0.008496 0.080937
1 0.501733 0.826250 0.034697 0.324844
1 0.444268 0.799102 0.050977 0.395234
1 0.323755 0.821172 0.067979 0.345469
7 0.559717 0.672266 0.008027 0.288906
1 0.614834 0.528789 0.019629 0.111172
7 0.558477 0.553125 0.003359 0.108906
1 0.172876 0.572266 0.008760 0.076406
8 0.948857 0.365938 0.005254 0.078125
3 0.991841 0.417227 0.012861 0.164453
1 0.473022 0.637813 0.007861 0.064375
