1 0.592852 0.519258 0.017422 0.100859
1 0.644053 0.515586 0.011289 0.072109
1 0.484810 0.798594 0.052842 0.402813
2 0.404907 0.434844 0.043037 0.234531
1 0.364424 0.556953 0.023301 0.124375
1 0.293896 0.557070 0.014473 0.087109
1 0.291831 0.545313 0.012334 0.066250
1 0.301191 0.545391 0.015059 0.088594
3 0.272568 0.516328 0.025137 0.115938
1 0.272817 0.526914 0.013115 0.074766
7 0.651274 0.562617 0.005830 0.111953
7 0.658389 0.553008 0.006094 0.102422
7 0.006372 0.565586 0.003799 0.129453
7 0.579004 0.517188 0.003906 0.071875
7 0.459893 0.526484 0.005078 0.120313
7 0.466396 0.527109 0.005664 0.117188
7 0.471572 0.524375 0.004102 0.114844
7 0.475527 0.521641 0.003027 0.112500
7 0.489639 0.526719 0.005859 0.116406
7 0.450293 0.522578 0.005664 0.114062
