1 0.037510 0.720781 0.021621 0.205469
1 0.040610 0.567578 0.007373 0.064063
1 0.458379 0.611563 0.009727 0.060938
1 0.502090 0.629844 0.013418 0.115000
1 0.473350 0.696680 0.019668 0.201016
1 0.873369 0.487617 0.019648 0.105859
1 0.091543 0.795313 0.067852 0.400000
1 0.456016 0.820234 0.034316 0.333281
1 0.340171 0.783281 0.140303 0.416563
1 0.857437 0.451250 0.017295 0.101250
2 0.842671 0.418125 0.021240 0.129375
1 0.498887 0.865625 0.041855 0.268750
2 0.021333 0.495469 0.015771 0.282969
1 0.006240 0.571055 0.011797 0.125859
