1 0.348413 0.891953 0.071729 0.239062
1 0.383960 0.679609 0.017158 0.136250
1 0.392485 0.697500 0.025576 0.164375
2 0.053247 0.572773 0.031885 0.204141
7 0.010649 0.595859 0.003916 0.122344
1 0.481987 0.716406 0.043467 0.230000
7 0.488682 0.584727 0.003203 0.096172
7 0.741406 0.483086 0.003027 0.102891
1 0.997021 0.590781 0.005938 0.085313
7 0.966367 0.564570 0.002148 0.090547
7 0.965610 0.555508 0.002432 0.082109
8 0.976938 0.601094 0.005283 0.125000
5 0.976777 0.664805 0.005820 0.128047
1 0.554458 0.618359 0.042588 0.286875
7 0.633989 0.727812 0.013135 0.422500
7 0.585854 0.784766 0.017803 0.430469
7 0.942710 0.559688 0.004014 0.128437
7 0.049097 0.628750 0.006494 0.171562
7 0.018867 0.606875 0.004512 0.146875
7 0.398662 0.718320 0.005176 0.236797
7 0.484678 0.584883 0.002910 0.072422
7 0.753433 0.465625 0.002900 0.086250
5 0.843262 0.442578 0.004609 0.052344
8 0.843545 0.406250 0.002988 0.085000
