1 0.980552 0.567578 0.015205 0.164844
1 0.970669 0.537461 0.010811 0.091641
1 0.437275 0.841328 0.041934 0.317344
1 0.482456 0.637266 0.010674 0.097969
1 0.490522 0.566211 0.004580 0.053203
3 0.011538 0.454961 0.006260 0.080391
3 0.016772 0.462031 0.007178 0.104063
1 0.010776 0.503320 0.004912 0.050234
1 0.006392 0.488242 0.004854 0.030859
1 0.010562 0.805664 0.021123 0.388672
1 0.992856 0.760469 0.014287 0.354688
1 0.020688 0.572852 0.012139 0.086328
1 0.530913 0.673555 0.019912 0.230234
1 0.504810 0.833867 0.039795 0.332266
1 0.505825 0.631445 0.018643 0.104766
1 0.034463 0.647305 0.023594 0.198516
1 0.889424 0.749141 0.093711 0.499531
1 0.516572 0.558438 0.007559 0.091562
1 0.092090 0.845117 0.063086 0.295234
