1 0.450879 0.526563 0.010742 0.085938
1 0.226479 0.620391 0.032314 0.175469
1 0.619434 0.575742 0.017734 0.103984
1 0.376851 0.553359 0.021807 0.112969
1 0.531050 0.614062 0.031650 0.223438
1 0.248027 0.551875 0.012949 0.103125
1 0.261724 0.556719 0.011514 0.112500
1 0.976538 0.651797 0.014639 0.125781
1 0.928271 0.820508 0.038457 0.345859
1 0.624517 0.789414 0.036689 0.333828
2 0.272900 0.495391 0.012891 0.138281
7 0.807949 0.748867 0.011367 0.403984
1 0.133643 0.642734 0.016895 0.090313
7 0.922373 0.611250 0.006465 0.146094
