1 0.491953 0.560039 0.008105 0.069609
1 0.056079 0.665625 0.027197 0.202344
1 0.303589 0.668008 0.024053 0.132578
1 0.370317 0.806563 0.046475 0.374063
1 0.004419 0.617422 0.008994 0.131250
3 0.430356 0.573008 0.025303 0.163672
7 0.982051 0.547852 0.004492 0.102422
1 0.158062 0.781562 0.079971 0.393750
1 0.471455 0.625000 0.012168 0.116406
1 0.016704 0.814062 0.029248 0.376406
1 0.506060 0.637617 0.018232 0.226484
1 0.031802 0.668125 0.020381 0.218437
1 0.013218 0.560273 0.012666 0.109922
7 0.987910 0.555000 0.004063 0.107187
1 0.432656 0.781328 0.038594 0.357812
