7 0.762783 0.406406 0.002461 0.083125
7 0.757339 0.385625 0.001650 0.065625
7 0.759004 0.379844 0.001758 0.049687
3 0.558130 0.568555 0.036670 0.138203
7 0.540332 0.601797 0.002871 0.096562
1 0.005322 0.630352 0.010410 0.183984
1 0.033462 0.613281 0.015459 0.166094
1 0.049102 0.685820 0.030957 0.285859
3 0.022012 0.496250 0.018047 0.207500
7 0.149414 0.695625 0.009355 0.340312
7 0.151348 0.754805 0.007051 0.220547
7 0.577026 0.700586 0.004795 0.246016
7 0.788081 0.513828 0.003760 0.127344
7 0.792744 0.559141 0.004961 0.152031
7 0.775742 0.475117 0.002656 0.104453
1 0.997461 0.636094 0.005078 0.193437
7 0.974683 0.587891 0.006006 0.128281
3 0.501924 0.565156 0.017090 0.247969
1 0.501211 0.796172 0.023438 0.307656
