7 0.385840 0.588711 0.006602 0.172266
7 0.374424 0.597852 0.006211 0.165703
7 0.174507 0.562578 0.004365 0.162344
7 0.155386 0.572461 0.003936 0.158047
7 0.144922 0.572500 0.006270 0.195312
7 0.153506 0.571367 0.004922 0.184453
7 0.107729 0.564922 0.004365 0.167031
7 0.207280 0.573281 0.006396 0.231719
7 0.219185 0.522109 0.005752 0.176875
1 0.005098 0.609648 0.008340 0.082734
1 0.011138 0.583203 0.008271 0.068906
8 0.410186 0.542383 0.004492 0.063828
5 0.409131 0.606953 0.010430 0.068125
1 0.018506 0.636328 0.012988 0.122656
1 0.026533 0.538672 0.007480 0.069531
1 0.060371 0.576172 0.017500 0.130156
1 0.144546 0.686523 0.043916 0.252734
1 0.036670 0.541406 0.010937 0.102031
7 0.985112 0.587266 0.003838 0.122344
