7 0.422754 0.546094 0.005078 0.216406
8 0.623008 0.465234 0.003789 0.078906
7 0.665576 0.510156 0.003613 0.096875
1 0.658447 0.473437 0.001465 0.065625
1 0.669033 0.510391 0.003125 0.046875
1 0.716201 0.564336 0.012520 0.057266
1 0.783936 0.624844 0.004199 0.045937
1 0.832256 0.651992 0.005918 0.061797
1 0.966021 0.601367 0.015205 0.103359
5 0.949404 0.761484 0.011113 0.118906
7 0.946797 0.690703 0.004922 0.270781
7 0.887246 0.776719 0.007812 0.330000
7 0.972139 0.614688 0.003574 0.124687
7 0.537319 0.554961 0.003350 0.172422
7 0.541895 0.535859 0.003711 0.206406
1 0.490244 0.433359 0.006074 0.058125
1 0.373906 0.618398 0.020605 0.114922
1 0.399395 0.623125 0.019629 0.110156
1 0.421025 0.579375 0.012695 0.052344
