7 0.462417 0.641289 0.005244 0.115859
7 0.453364 0.641992 0.004697 0.162109
1 0.858428 0.605703 0.042813 0.241094
1 0.013677 0.799258 0.027354 0.401484
7 0.088882 0.665234 0.007686 0.250000
1 0.023232 0.624219 0.012793 0.138125
3 0.533799 0.581797 0.034863 0.432344
3 0.502432 0.523906 0.014473 0.158281
1 0.503091 0.747031 0.026611 0.291875
1 0.873896 0.839258 0.114531 0.321484
7 0.908340 0.610000 0.009297 0.148750
1 0.920381 0.567539 0.017832 0.191484
3 0.990859 0.505625 0.012266 0.223437
7 0.930879 0.618164 0.009512 0.205859
