1 0.949448 0.628125 0.040107 0.268750
1 0.949453 0.630078 0.035703 0.256562
7 0.076050 0.671094 0.009014 0.276094
7 0.115815 0.686250 0.007373 0.275469
7 0.124448 0.702070 0.008506 0.274297
7 0.342163 0.698633 0.008135 0.277266
7 0.750146 0.758398 0.013203 0.474922
7 0.348735 0.657852 0.008330 0.274453
5 0.963169 0.721992 0.014424 0.184141
7 0.909033 0.676953 0.011113 0.279531
7 0.982061 0.633125 0.008789 0.253750
7 0.915156 0.669375 0.011602 0.265781
7 0.887036 0.681602 0.011045 0.289297
8 0.877354 0.664961 0.006328 0.222266
8 0.873271 0.616641 0.014219 0.215000
7 0.844971 0.632070 0.006328 0.172422
7 0.834902 0.631016 0.006152 0.188125
7 0.739663 0.694570 0.008447 0.306953
1 0.449092 0.703555 0.019062 0.191484
7 0.949771 0.644805 0.007939 0.241172
