1 0.032266 0.630820 0.016309 0.150703
3 0.329365 0.603086 0.060098 0.287422
1 0.466611 0.606680 0.022383 0.135547
1 0.063584 0.634648 0.018652 0.208203
1 0.565381 0.551992 0.016816 0.123828
7 0.131060 0.696680 0.007529 0.254297
7 0.623447 0.476016 0.002734 0.036719
7 0.990977 0.472344 0.002188 0.040937
7 0.998120 0.472930 0.003643 0.044766
3 0.656748 0.439766 0.022754 0.116250
1 0.412383 0.595156 0.025098 0.151094
2 0.235176 0.593516 0.008750 0.126562
1 0.267061 0.618750 0.007734 0.069375
1 0.989893 0.572109 0.018730 0.166563
3 0.458936 0.538477 0.055879 0.187109
7 0.964297 0.639219 0.008730 0.321094
7 0.927617 0.743867 0.016719 0.496484
1 0.486753 0.860820 0.040928 0.274766
3 0.616235 0.491250 0.035244 0.182344
