1 0.307148 0.627539 0.017930 0.099766
7 0.241787 0.662813 0.004199 0.075781
7 0.556987 0.611133 0.008252 0.254297
1 0.344395 0.640547 0.015137 0.073281
7 0.592524 0.554414 0.005166 0.118516
1 0.485547 0.832266 0.039648 0.335469
1 0.430220 0.562305 0.019814 0.138047
1 0.349541 0.627031 0.020313 0.107812
1 0.492061 0.541758 0.020234 0.098359
1 0.401660 0.592930 0.019687 0.123047
1 0.369556 0.602695 0.023096 0.134766
1 0.982769 0.585898 0.024951 0.187422
8 0.389497 0.797500 0.019189 0.282656
5 0.389976 0.851172 0.018682 0.177031
