7 0.899775 0.454336 0.002949 0.078359
3 0.459194 0.580078 0.083232 0.416406
7 0.115933 0.639727 0.005264 0.095547
8 0.095156 0.633398 0.009766 0.124766
2 0.739321 0.389062 0.005928 0.082656
7 0.884111 0.450703 0.005566 0.121094
8 0.909893 0.447031 0.005273 0.111250
7 0.498789 0.693984 0.007246 0.200313
8 0.545210 0.789062 0.017217 0.421875
1 0.512012 0.837500 0.041602 0.325000
1 0.734424 0.446289 0.007520 0.060078
7 0.714805 0.539883 0.005664 0.186484
1 0.672319 0.529844 0.017979 0.114844
1 0.638418 0.561211 0.024883 0.175234
1 0.609033 0.582383 0.030156 0.194453
1 0.555586 0.640234 0.032070 0.176094
7 0.750508 0.429023 0.003203 0.072891
1 0.058584 0.825352 0.063340 0.326797
1 0.048823 0.611406 0.017979 0.066406
