7 0.857539 0.750000 0.015977 0.500000
7 0.889810 0.669453 0.010439 0.373594
7 0.916074 0.699922 0.009687 0.367344
7 0.802622 0.714063 0.015264 0.423438
7 0.899043 0.616211 0.008574 0.317266
7 0.922734 0.581523 0.005371 0.228672
7 0.934551 0.615703 0.005059 0.221406
7 0.840488 0.689336 0.013359 0.489609
7 0.951758 0.596758 0.008770 0.234922
1 0.421777 0.794922 0.073828 0.410156
1 0.479658 0.694492 0.016816 0.171797
1 0.508579 0.792227 0.034053 0.360859
1 0.015688 0.734727 0.032412 0.518984
7 0.819658 0.743359 0.015801 0.513281
3 0.973462 0.535586 0.035791 0.512734
