1 0.042793 0.791680 0.043672 0.416641
1 0.103457 0.571992 0.022051 0.151797
1 0.137998 0.508633 0.019863 0.139609
7 0.358887 0.597070 0.003613 0.126172
1 0.397725 0.819297 0.029160 0.361406
1 0.441060 0.794766 0.030244 0.288750
1 0.426670 0.644062 0.010137 0.098125
1 0.409541 0.594609 0.009453 0.067500
3 0.939297 0.523750 0.016035 0.179688
1 0.914624 0.602070 0.013994 0.139922
7 0.783315 0.682773 0.007881 0.153984
7 0.773232 0.700820 0.009570 0.181797
7 0.759673 0.713086 0.006709 0.247266
7 0.754380 0.729453 0.007295 0.267813
5 0.527280 0.714141 0.014404 0.126563
5 0.518384 0.715352 0.012627 0.097109
5 0.503208 0.705703 0.008389 0.096406
