7 0.029854 0.502812 0.002344 0.051562
7 0.031948 0.517500 0.002686 0.065781
1 0.530576 0.633672 0.027910 0.151875
1 0.390371 0.491641 0.019336 0.117969
1 0.409116 0.476719 0.017744 0.109531
1 0.102207 0.805000 0.085117 0.387187
1 0.044463 0.724063 0.034043 0.312656
1 0.055596 0.587969 0.017012 0.215469
3 0.205820 0.519258 0.286445 0.960703
1 0.273545 0.895664 0.121250 0.208672
7 0.353945 0.476016 0.003398 0.105000
2 0.594653 0.553633 0.048350 0.312266
7 0.893301 0.182266 0.004922 0.134219
7 0.979189 0.629883 0.006270 0.206328
7 0.886743 0.846836 0.009307 0.285078
7 0.895879 0.756563 0.011133 0.486875
