7 0.448066 0.677969 0.006719 0.200469
8 0.285908 0.738047 0.006836 0.316250
6 0.638804 0.570703 0.008330 0.182031
6 0.632632 0.573945 0.005752 0.178203
1 0.666655 0.454492 0.012139 0.139609
5 0.608521 0.564648 0.014131 0.191172
5 0.595630 0.535547 0.010322 0.157031
6 0.627407 0.543672 0.006670 0.175000
1 0.011328 0.566602 0.007598 0.066641
7 0.551899 0.757617 0.014385 0.482422
8 0.280132 0.745703 0.004580 0.331562
7 0.508833 0.608555 0.004834 0.110391
7 0.516899 0.601016 0.005518 0.116250
5 0.276289 0.808945 0.023438 0.202422
