1 0.039531 0.725156 0.022871 0.212188
1 0.036821 0.566719 0.007998 0.064219
1 0.455996 0.611875 0.009727 0.060937
1 0.502368 0.635781 0.012295 0.118281
1 0.473276 0.693398 0.019385 0.211172
1 0.873032 0.487734 0.019561 0.107344
1 0.090532 0.804805 0.068174 0.373672
1 0.456309 0.820312 0.034453 0.332500
1 0.347114 0.779062 0.137588 0.426875
1 0.857437 0.451250 0.017295 0.101250
2 0.842671 0.418125 0.021240 0.129375
1 0.498887 0.865625 0.041855 0.268750
2 0.021953 0.499375 0.017012 0.290781
1 0.006284 0.573906 0.012139 0.131562
