7 0.346787 0.584688 0.006465 0.188906
7 0.317612 0.593242 0.006963 0.204453
7 0.132339 0.546836 0.004072 0.135703
7 0.152402 0.552188 0.005410 0.187813
7 0.173184 0.521523 0.004219 0.163516
7 0.088442 0.546172 0.002451 0.108594
7 0.114023 0.552734 0.002734 0.131094
7 0.113042 0.548437 0.002744 0.134687
7 0.109727 0.547617 0.003066 0.128359
7 0.127422 0.541680 0.003555 0.123203
1 0.007671 0.617695 0.010830 0.099609
1 0.016323 0.580664 0.009385 0.073047
1 0.526450 0.567422 0.016084 0.093281
8 0.389521 0.536602 0.005156 0.075547
5 0.388306 0.608750 0.012686 0.082656
1 0.027578 0.664531 0.015332 0.129062
1 0.041831 0.557969 0.010342 0.082500
1 0.072422 0.597578 0.018789 0.123750
1 0.030859 0.536445 0.005801 0.074766
7 0.992964 0.575937 0.003838 0.097656
