1 0.503721 0.609531 0.009805 0.072344
1 0.440684 0.710313 0.010801 0.105000
1 0.495127 0.607969 0.008301 0.067656
1 0.007222 0.612187 0.013408 0.181250
1 0.481626 0.661523 0.013154 0.138984
1 0.085859 0.800938 0.056309 0.380000
1 0.035952 0.638906 0.015361 0.162187
1 0.108472 0.640977 0.024131 0.162578
1 0.500991 0.819375 0.031807 0.338281
7 0.973408 0.563125 0.007695 0.202031
1 0.130776 0.691445 0.024189 0.193828
2 0.372275 0.648672 0.045918 0.227656
1 0.254600 0.757852 0.044141 0.228984
1 0.464048 0.799844 0.031279 0.273281
1 0.342881 0.868125 0.099766 0.241875
