1 0.563623 0.729375 0.028809 0.207344
8 0.443394 0.706328 0.006768 0.266563
5 0.443228 0.765273 0.007002 0.180078
7 0.583779 0.756406 0.008848 0.350938
7 0.743174 0.604180 0.004082 0.104141
1 0.013315 0.782109 0.026631 0.435781
3 0.044629 0.541602 0.014551 0.133359
1 0.040293 0.667734 0.011211 0.145781
1 0.056006 0.750430 0.029824 0.267422
7 0.189775 0.584570 0.003301 0.085703
1 0.103037 0.855859 0.081641 0.288281
1 0.301548 0.794375 0.155635 0.411250
1 0.509634 0.829453 0.035830 0.341094
8 0.598130 0.742148 0.009482 0.400859
5 0.601133 0.831406 0.023262 0.225625
8 0.574370 0.743242 0.009268 0.360547
7 0.734302 0.611953 0.003428 0.104531
