1 0.491851 0.563945 0.008311 0.069766
1 0.045317 0.616758 0.011709 0.130547
1 0.281450 0.675000 0.026885 0.156406
1 0.309307 0.815703 0.069590 0.368594
1 0.005396 0.623516 0.010498 0.145312
3 0.423042 0.559531 0.027783 0.236250
7 0.984351 0.551953 0.003916 0.095000
1 0.101553 0.737305 0.050020 0.371328
1 0.472168 0.622500 0.011035 0.109375
1 0.024507 0.814844 0.035205 0.373125
1 0.507896 0.645000 0.018486 0.235313
1 0.036611 0.683828 0.020684 0.194063
1 0.015303 0.564688 0.012637 0.106406
1 0.436250 0.751016 0.032773 0.315469
