1 0.364619 0.856953 0.053301 0.290156
1 0.447695 0.704414 0.020312 0.188984
1 0.905142 0.520234 0.037568 0.250312
1 0.419189 0.805547 0.036758 0.316719
1 0.465708 0.667344 0.014326 0.127500
1 0.477661 0.619141 0.010010 0.095781
1 0.083081 0.701797 0.027783 0.213594
1 0.310645 0.879766 0.049023 0.240469
1 0.169736 0.659023 0.015215 0.057578
1 0.014834 0.556992 0.012715 0.092578
1 0.040054 0.660625 0.031318 0.268125
1 0.483770 0.669961 0.008848 0.072734
1 0.505161 0.646523 0.011006 0.084609
1 0.492393 0.612969 0.008242 0.067344
