7 0.739844 0.434141 0.004102 0.162031
7 0.934473 0.696484 0.009570 0.325781
1 0.344077 0.807422 0.128193 0.385156
7 0.539844 0.774375 0.010156 0.400312
7 0.955649 0.647539 0.006846 0.225078
1 0.113506 0.826211 0.068418 0.347578
1 0.019917 0.819805 0.039795 0.359922
1 0.055864 0.793359 0.045459 0.413281
1 0.013154 0.599727 0.025195 0.080547
7 0.200254 0.685859 0.006621 0.172188
7 0.513979 0.565078 0.002646 0.058594
7 0.624609 0.527656 0.006797 0.269531
7 0.653618 0.458711 0.005010 0.168047
5 0.675908 0.451836 0.014238 0.086641
