1 0.013018 0.477734 0.005605 0.124219
2 0.696777 0.666406 0.012891 0.307813
1 0.724902 0.768359 0.039258 0.235156
1 0.995020 0.578320 0.008789 0.354297
1 0.589282 0.800859 0.065381 0.393906
5 0.542969 0.693750 0.014063 0.093750
5 0.533643 0.620313 0.015918 0.084375
5 0.376157 0.551250 0.036162 0.088906
1 0.260723 0.514219 0.033164 0.158281
7 0.234482 0.516953 0.006484 0.145156
5 0.413110 0.520703 0.017725 0.078906
1 0.005029 0.584766 0.010059 0.361719
1 0.209771 0.510703 0.019521 0.114063
1 0.156851 0.501719 0.018779 0.091875
