1 0.162725 0.597617 0.008711 0.055391
1 0.994531 0.463633 0.005156 0.050391
1 0.075005 0.827266 0.067178 0.342031
1 0.095225 0.608008 0.013047 0.151172
1 0.110918 0.620000 0.016133 0.154219
1 0.126675 0.651914 0.019404 0.151484
1 0.147368 0.648906 0.021143 0.164219
1 0.170708 0.702813 0.025303 0.206719
1 0.194053 0.724570 0.020742 0.188047
1 0.226206 0.656055 0.011943 0.103672
1 0.211177 0.657656 0.008506 0.080937
1 0.500806 0.826484 0.037236 0.330625
1 0.447837 0.783438 0.045537 0.409531
1 0.382651 0.676680 0.019736 0.134453
7 0.583149 0.695234 0.008018 0.288906
1 0.611021 0.518555 0.021436 0.111172
7 0.582207 0.527383 0.003359 0.090703
7 0.372075 0.681406 0.004443 0.169687
7 0.623701 0.518594 0.003281 0.072344
1 0.176260 0.571094 0.008750 0.076406
8 0.884160 0.196172 0.010137 0.127031
3 0.986260 0.442695 0.009238 0.117422
1 0.474243 0.621719 0.009189 0.060781
