1 0.160674 0.591914 0.008711 0.055391
1 0.992246 0.458008 0.005156 0.050391
1 0.118452 0.874414 0.092021 0.241953
1 0.092471 0.597031 0.011855 0.151094
1 0.108608 0.614922 0.015518 0.154219
1 0.123813 0.646172 0.018896 0.148281
1 0.144551 0.648594 0.020703 0.158906
1 0.167036 0.697070 0.025088 0.200391
1 0.190635 0.721914 0.021016 0.182109
1 0.224360 0.649375 0.009697 0.088750
1 0.209292 0.657656 0.008506 0.080937
1 0.501074 0.826445 0.036484 0.328984
1 0.445083 0.789844 0.048252 0.412500
1 0.388057 0.697891 0.018223 0.183906
7 0.576934 0.686680 0.008027 0.288828
1 0.613350 0.524727 0.021367 0.111172
7 0.575352 0.527070 0.003359 0.091484
7 0.369287 0.688281 0.004629 0.176406
7 0.630337 0.512734 0.003271 0.072344
1 0.174854 0.570859 0.008750 0.076406
8 0.909634 0.239063 0.006592 0.089531
3 0.987461 0.429258 0.009746 0.125547
1 0.473887 0.626406 0.008809 0.061875
