1 0.375308 0.825273 0.072881 0.349453
7 0.930420 0.651055 0.011855 0.377578
7 0.959092 0.610117 0.006621 0.246953
1 0.143296 0.817070 0.076787 0.362578
1 0.140254 0.850313 0.066582 0.285312
1 0.486973 0.662070 0.014746 0.149922
1 0.009033 0.759219 0.018066 0.323750
1 0.511465 0.627188 0.011445 0.175312
1 0.056782 0.669375 0.019443 0.189375
1 0.035205 0.707656 0.023359 0.213281
1 0.018027 0.574727 0.010605 0.087109
2 0.042993 0.510508 0.017334 0.191484
7 0.915518 0.653164 0.009785 0.460859
7 0.947500 0.771875 0.015547 0.456250
1 0.121191 0.662305 0.020508 0.203516
1 0.451177 0.819180 0.046025 0.360859
