1 0.539839 0.585469 0.019912 0.111563
1 0.592222 0.617148 0.018564 0.109141
7 0.236211 0.546953 0.006250 0.195000
7 0.186104 0.542969 0.007637 0.223437
7 0.098735 0.518711 0.001885 0.111484
7 0.108354 0.522148 0.004053 0.134141
7 0.076138 0.525234 0.002451 0.088594
7 0.086045 0.507500 0.001621 0.105469
7 0.089961 0.515469 0.002520 0.105156
7 0.084277 0.509297 0.001660 0.100469
1 0.006616 0.674297 0.012451 0.131406
1 0.029502 0.636484 0.024063 0.186406
1 0.490942 0.551875 0.019482 0.133750
1 0.401523 0.495352 0.019063 0.121953
8 0.351123 0.517891 0.006270 0.128281
5 0.350957 0.611641 0.013320 0.122031
1 0.068750 0.789453 0.048184 0.402188
1 0.035205 0.538281 0.005176 0.051563
