7 0.885635 0.420937 0.002949 0.078437
1 0.675190 0.517578 0.009775 0.102344
7 0.091567 0.635234 0.005264 0.127500
7 0.904521 0.491641 0.005566 0.121094
8 0.935186 0.494922 0.005273 0.118750
3 0.739268 0.408906 0.012891 0.100781
7 0.565420 0.740703 0.010293 0.375000
8 0.545210 0.789062 0.017217 0.421875
1 0.512012 0.837500 0.041602 0.325000
1 0.706938 0.500820 0.015830 0.116641
7 0.695337 0.569922 0.009443 0.226562
1 0.683931 0.525000 0.011611 0.114844
1 0.643950 0.546914 0.024268 0.164922
1 0.612632 0.572891 0.030361 0.209219
1 0.564702 0.635156 0.032412 0.173438
7 0.749961 0.430664 0.003203 0.072891
1 0.442227 0.819531 0.043887 0.342031
7 0.403018 0.698203 0.007109 0.204844
1 0.074175 0.630391 0.017979 0.094531
