1 0.464634 0.584805 0.020420 0.122266
7 0.234639 0.651172 0.004199 0.075781
3 0.306592 0.623945 0.063027 0.214766
7 0.525073 0.710391 0.012217 0.310781
1 0.344395 0.642578 0.015137 0.077344
7 0.598418 0.605313 0.005313 0.214375
7 0.610986 0.561406 0.005410 0.140937
1 0.571279 0.498672 0.012305 0.071094
7 0.005830 0.571641 0.005957 0.184375
1 0.601050 0.476484 0.010205 0.067344
1 0.621860 0.470156 0.009189 0.048750
1 0.485547 0.852734 0.039648 0.294531
1 0.416748 0.588359 0.020215 0.145000
1 0.378306 0.636797 0.021553 0.122344
1 0.369888 0.603867 0.023760 0.137109
1 0.989551 0.557930 0.020898 0.182578
8 0.520142 0.662891 0.016768 0.266406
5 0.520410 0.718867 0.016094 0.150859
