2 0.031064 0.524609 0.027520 0.403125
1 0.172607 0.908594 0.097559 0.182813
1 0.448096 0.845703 0.047949 0.308594
1 0.480737 0.699063 0.015166 0.125938
7 0.184639 0.711484 0.011484 0.208281
7 0.077095 0.621992 0.005576 0.174766
1 0.011992 0.790742 0.023770 0.398203
1 0.984277 0.604688 0.019902 0.216094
3 0.735010 0.501836 0.384082 0.996328
1 0.520317 0.659219 0.015127 0.119531
3 0.512700 0.556953 0.009170 0.155313
1 0.502246 0.744258 0.023828 0.237266
2 0.502520 0.558594 0.010781 0.145312
1 0.994141 0.845586 0.011719 0.308828
