1 0.031553 0.646445 0.018867 0.190391
3 0.348062 0.591602 0.069365 0.325391
1 0.487505 0.587773 0.016807 0.133828
1 0.058218 0.607383 0.013330 0.154453
1 0.576284 0.550312 0.015283 0.124844
1 0.306587 0.642773 0.010693 0.081953
7 0.128740 0.685781 0.007305 0.239375
7 0.622100 0.473672 0.002734 0.036719
7 0.990859 0.472344 0.002188 0.040937
7 0.998120 0.472930 0.003643 0.044766
3 0.656655 0.442031 0.022939 0.120781
1 0.402705 0.597539 0.025098 0.151016
2 0.236387 0.593516 0.009785 0.126562
1 0.305283 0.638828 0.011621 0.068750
1 0.263779 0.619687 0.007734 0.069375
1 0.989990 0.568164 0.018770 0.170703
3 0.461680 0.544023 0.055586 0.201016
7 0.966313 0.625391 0.008584 0.301250
7 0.929199 0.734258 0.015059 0.495859
1 0.486753 0.860820 0.040928 0.274766
3 0.616113 0.491563 0.035254 0.182344
