1 0.445337 0.713594 0.023350 0.152969
1 0.839287 0.564297 0.010254 0.088594
1 0.502134 0.848906 0.029365 0.279687
1 0.446401 0.667188 0.032842 0.237031
1 0.114229 0.456211 0.015645 0.144141
1 0.068530 0.552305 0.033037 0.275234
1 0.023569 0.777266 0.048975 0.453437
1 0.448423 0.644648 0.021455 0.141172
1 0.469302 0.666719 0.020596 0.119062
3 0.424844 0.605078 0.038965 0.292656
3 0.875459 0.509961 0.036406 0.453672
3 0.387544 0.641758 0.042197 0.461797
7 0.669160 0.719922 0.008066 0.141094
7 0.631670 0.733281 0.008789 0.218281
