1 0.451753 0.657266 0.022354 0.209688
1 0.700640 0.700273 0.022158 0.098984
1 0.679268 0.691953 0.024277 0.147969
1 0.017720 0.781523 0.034912 0.423516
7 0.286528 0.613945 0.016240 0.390547
1 0.314346 0.530352 0.027871 0.132109
1 0.298926 0.498516 0.019805 0.092656
5 0.943784 0.568320 0.009775 0.099609
5 0.905151 0.650977 0.006240 0.133203
5 0.900923 0.652930 0.007373 0.127109
5 0.894551 0.658633 0.008262 0.129609
5 0.819409 0.782188 0.011963 0.179219
7 0.936748 0.586172 0.004883 0.178281
1 0.674180 0.726367 0.025527 0.145391
5 0.165488 0.598555 0.013105 0.259141
5 0.180024 0.602695 0.013916 0.230391
1 0.517695 0.596953 0.017090 0.137344
