1 0.430288 0.881172 0.055342 0.271250
1 0.753574 0.562930 0.014355 0.116953
7 0.421772 0.720117 0.006162 0.221797
1 0.706743 0.580547 0.013467 0.190000
1 0.712256 0.525625 0.007559 0.084219
1 0.745752 0.554922 0.007012 0.081719
1 0.740078 0.535078 0.004961 0.065312
2 0.483242 0.574961 0.018867 0.290703
7 0.398730 0.755859 0.006445 0.207031
1 0.015996 0.537891 0.005703 0.057969
1 0.248740 0.623789 0.008965 0.121797
1 0.014453 0.796719 0.028691 0.403125
1 0.264727 0.713047 0.023594 0.188594
1 0.986641 0.598203 0.016953 0.199844
3 0.869863 0.500938 0.214395 0.998125
1 0.532568 0.717461 0.027500 0.205234
3 0.518833 0.572266 0.012881 0.216719
1 0.498818 0.759766 0.025410 0.294687
2 0.502007 0.546914 0.012607 0.154141
1 0.993730 0.845586 0.012539 0.308828
1 0.036772 0.648750 0.018447 0.230625
