1 0.493496 0.608984 0.007969 0.076094
1 0.485811 0.661875 0.012207 0.121406
1 0.046382 0.648164 0.016494 0.155234
1 0.057583 0.567109 0.023955 0.209219
1 0.427559 0.734805 0.033359 0.311797
1 0.470127 0.649063 0.013066 0.104375
1 0.507744 0.586328 0.010156 0.090313
1 0.210669 0.709727 0.013135 0.123359
7 0.529814 0.592539 0.005176 0.112266
1 0.197363 0.721484 0.015508 0.149531
1 0.164053 0.784062 0.062539 0.357500
1 0.452983 0.677266 0.015010 0.112656
1 0.030342 0.654961 0.021641 0.213359
1 0.504092 0.720625 0.019961 0.231563
1 0.360947 0.807930 0.112910 0.372109
3 0.004736 0.510977 0.009258 0.210547
2 0.017061 0.480938 0.010918 0.154062
