7 0.903721 0.784961 0.013613 0.412578
7 0.371094 0.592187 0.004883 0.215625
1 0.651699 0.488516 0.007129 0.056250
1 0.965991 0.611172 0.016885 0.106406
7 0.991533 0.600938 0.002949 0.101250
7 0.016431 0.561133 0.001904 0.047578
8 0.579424 0.458008 0.006680 0.148047
7 0.534380 0.508086 0.002490 0.167109
7 0.539434 0.488906 0.004121 0.172187
5 0.905596 0.877422 0.016465 0.229844
1 0.490244 0.433359 0.006074 0.058125
1 0.373906 0.618398 0.020605 0.114922
1 0.399395 0.623125 0.019629 0.110156
1 0.421025 0.579375 0.012695 0.052344
