1 0.157466 0.581758 0.008818 0.055391
7 0.555991 0.374219 0.002178 0.037344
1 0.250698 0.942578 0.106475 0.114844
1 0.089805 0.590898 0.011406 0.151172
1 0.103882 0.599023 0.016377 0.154141
1 0.122114 0.637891 0.019658 0.137656
1 0.141660 0.642734 0.019297 0.141250
1 0.163228 0.691719 0.024365 0.179688
1 0.185708 0.711680 0.021924 0.162734
1 0.221064 0.648555 0.008301 0.075703
1 0.204780 0.653359 0.008506 0.080937
1 0.501978 0.826172 0.034014 0.323281
1 0.444268 0.802227 0.051797 0.387422
1 0.219849 0.812070 0.074170 0.358047
7 0.551616 0.675273 0.008018 0.280859
1 0.615391 0.530273 0.018984 0.111172
7 0.552148 0.562891 0.003359 0.115469
7 0.369087 0.699922 0.005225 0.198438
1 0.172832 0.574219 0.008750 0.076406
8 0.957783 0.393906 0.005254 0.078125
3 0.993018 0.415117 0.013652 0.181172
1 0.472700 0.642070 0.007510 0.065391
