7 0.271445 0.645469 0.005273 0.200781
7 0.771147 0.486211 0.003447 0.090703
7 0.752256 0.480234 0.003223 0.087031
7 0.322900 0.639062 0.004980 0.182813
5 0.823105 0.786328 0.024395 0.240469
6 0.089561 0.744453 0.012871 0.242031
8 0.875400 0.541758 0.004043 0.093516
1 0.375181 0.666289 0.016045 0.195078
1 0.364829 0.619180 0.010244 0.091953
1 0.628862 0.682148 0.019326 0.216953
1 0.228018 0.671016 0.037559 0.235156
7 0.006387 0.578164 0.007227 0.226641
7 0.675088 0.577695 0.004512 0.091484
8 0.131562 0.687461 0.020156 0.321797
5 0.131309 0.760820 0.020332 0.175703
5 0.849053 0.861406 0.012598 0.275000
8 0.092495 0.657656 0.011357 0.402812
