1 0.017109 0.582852 0.011348 0.166328
1 0.083242 0.804063 0.071152 0.391875
1 0.028589 0.667266 0.018174 0.214688
1 0.258896 0.917227 0.085508 0.165547
1 0.503594 0.607148 0.008809 0.085391
1 0.458247 0.766406 0.028643 0.270000
1 0.419326 0.853320 0.061738 0.293359
1 0.491294 0.621289 0.009424 0.079922
1 0.477676 0.681211 0.014375 0.178516
7 0.987236 0.551445 0.003438 0.107266
1 0.569482 0.520273 0.016504 0.124453
1 0.590352 0.516836 0.018984 0.139766
1 0.603604 0.499023 0.016914 0.113359
1 0.614043 0.595938 0.033867 0.208281
2 0.012139 0.504062 0.014160 0.282500
3 0.822437 0.500000 0.315381 1.000000
