1 0.879473 0.692500 0.055039 0.352031
7 0.648779 0.758594 0.010449 0.346875
7 0.820825 0.701719 0.010889 0.287500
7 0.345156 0.685742 0.007051 0.208984
7 0.904106 0.714766 0.010107 0.375313
7 0.796465 0.731016 0.010605 0.304375
7 0.072256 0.817344 0.011191 0.326562
7 0.133179 0.742227 0.010771 0.403516
7 0.145718 0.761758 0.011299 0.370859
7 0.343682 0.650664 0.009687 0.310391
7 0.643125 0.781406 0.010527 0.398281
8 0.956157 0.625820 0.008682 0.256797
5 0.886831 0.858164 0.016572 0.248516
7 0.789277 0.753750 0.012656 0.405312
7 0.933057 0.712109 0.010781 0.379375
7 0.841226 0.737422 0.012998 0.377969
7 0.633936 0.766406 0.016895 0.373437
7 0.631709 0.689688 0.009492 0.252500
1 0.440298 0.713125 0.020908 0.202656
7 0.889551 0.722930 0.013164 0.350078
