8 0.244399 0.655781 0.003994 0.077969
1 0.379312 0.602148 0.018584 0.116484
1 0.504336 0.535234 0.017441 0.107656
1 0.385591 0.587070 0.026416 0.189766
1 0.431372 0.578008 0.017197 0.097266
1 0.483975 0.523867 0.018437 0.129453
1 0.462441 0.545234 0.014043 0.094531
1 0.519624 0.513828 0.013252 0.075000
7 0.306001 0.842539 0.004678 0.284141
1 0.501401 0.863633 0.058857 0.272734
1 0.480674 0.755508 0.025039 0.265234
1 0.016719 0.800508 0.033438 0.398984
7 0.219399 0.651484 0.002217 0.065625
1 0.988726 0.800234 0.022549 0.399531
