1 0.859370 0.495859 0.019229 0.101875
1 0.845220 0.466680 0.018818 0.099609
1 0.477148 0.689219 0.018477 0.160313
1 0.005176 0.617109 0.009609 0.116875
1 0.032798 0.586484 0.007842 0.058281
1 0.018643 0.612500 0.010938 0.097500
1 0.065474 0.715117 0.027256 0.219453
1 0.138809 0.822461 0.078418 0.333984
7 0.618857 0.705859 0.011387 0.394844
1 0.835234 0.433750 0.014902 0.120469
1 0.827671 0.416992 0.017100 0.108203
1 0.813188 0.407695 0.008291 0.061016
1 0.800117 0.388047 0.008633 0.071875
2 0.426792 0.628398 0.067100 0.624297
3 0.463643 0.588984 0.007500 0.162813
1 0.503755 0.640820 0.012764 0.197422
1 0.490796 0.633672 0.007744 0.061406
