8 0.016157 0.566758 0.006357 0.146953
7 0.077842 0.567187 0.004141 0.095625
1 0.493652 0.864375 0.034922 0.265156
1 0.503027 0.778711 0.028711 0.190234
1 0.558052 0.640391 0.025869 0.174375
1 0.591431 0.670937 0.019639 0.109688
1 0.617485 0.656797 0.019053 0.101250
1 0.640483 0.654453 0.015947 0.102031
1 0.048960 0.586914 0.010615 0.075547
1 0.061392 0.557500 0.009014 0.085938
1 0.126968 0.592578 0.022100 0.133594
8 0.026118 0.599141 0.008506 0.126875
7 0.071040 0.573008 0.005654 0.127266
8 0.304658 0.533047 0.006211 0.083281
8 0.424780 0.599180 0.006494 0.125703
7 0.494814 0.640156 0.004980 0.108125
7 0.499941 0.638047 0.004102 0.102031
