1 0.387280 0.695508 0.018701 0.148828
1 0.417383 0.690820 0.025391 0.166484
7 0.022046 0.606719 0.003955 0.120625
7 0.492646 0.592461 0.002246 0.113047
7 0.735791 0.494336 0.003027 0.113203
8 0.973672 0.577695 0.003574 0.090234
5 0.973545 0.602070 0.003340 0.056641
1 0.605376 0.574688 0.035732 0.244375
1 0.009502 0.633945 0.016387 0.171172
7 0.533311 0.783633 0.015254 0.446328
7 0.711860 0.696719 0.013564 0.470625
7 0.952021 0.577109 0.005117 0.140156
7 0.089619 0.693594 0.008262 0.266094
7 0.041714 0.641133 0.006240 0.209922
7 0.412446 0.703750 0.005889 0.231563
5 0.415239 0.777813 0.009443 0.146250
8 0.414771 0.701641 0.008857 0.212500
7 0.495493 0.576758 0.002119 0.088516
7 0.754546 0.450664 0.002686 0.080391
5 0.831255 0.471289 0.004170 0.072891
8 0.831562 0.428945 0.004023 0.110234
