1 0.565444 0.597969 0.008564 0.118125
1 0.580273 0.592187 0.013867 0.175000
2 0.184585 0.501328 0.248760 0.996406
1 0.469272 0.766563 0.020283 0.237187
1 0.484536 0.696484 0.012881 0.116250
1 0.492490 0.631172 0.006641 0.055469
1 0.018394 0.565625 0.008857 0.084063
1 0.011797 0.803281 0.023770 0.385469
1 0.985063 0.600547 0.018877 0.210469
3 0.772588 0.501523 0.376133 0.996953
1 0.523525 0.672383 0.018242 0.132734
3 0.514585 0.554922 0.009619 0.162500
1 0.502314 0.758398 0.023770 0.244141
2 0.502559 0.557656 0.011953 0.147187
1 0.994141 0.845586 0.011719 0.308828
