1 0.990703 0.616016 0.012109 0.143750
7 0.334429 0.652617 0.003252 0.158672
7 0.304561 0.679961 0.006289 0.199453
7 0.290615 0.675273 0.006445 0.222891
7 0.226172 0.712852 0.005273 0.249609
7 0.360015 0.665430 0.005283 0.212734
7 0.313306 0.654219 0.006338 0.207187
2 0.033828 0.535039 0.021289 0.241953
1 0.008950 0.660117 0.014189 0.139297
1 0.067832 0.663945 0.027930 0.216172
1 0.325063 0.801719 0.056631 0.324688
1 0.412397 0.683242 0.021279 0.169141
1 0.149526 0.754922 0.060283 0.393594
7 0.940728 0.647773 0.009111 0.275703
