7 0.914712 0.761445 0.010752 0.393359
7 0.381724 0.596641 0.005889 0.215625
1 0.655566 0.492422 0.006836 0.056250
1 0.639941 0.461367 0.005371 0.059766
1 0.965620 0.605391 0.017373 0.109375
7 0.922373 0.699375 0.004902 0.187187
7 0.986006 0.613438 0.002949 0.101250
8 0.591260 0.463086 0.005176 0.138672
7 0.534185 0.510156 0.002373 0.168437
7 0.537256 0.483477 0.002832 0.176641
5 0.916797 0.839844 0.013516 0.176562
1 0.490244 0.433359 0.006074 0.058125
1 0.373906 0.618398 0.020605 0.114922
1 0.399395 0.623125 0.019629 0.110156
1 0.421025 0.579375 0.012695 0.052344
