1 0.431865 0.747773 0.024746 0.170547
1 0.234287 0.655469 0.007793 0.056250
1 0.226094 0.647188 0.009219 0.069375
1 0.366973 0.799063 0.038887 0.279375
1 0.247578 0.657578 0.008262 0.062031
1 0.462192 0.646250 0.012568 0.103906
1 0.208828 0.664297 0.013437 0.085469
1 0.167734 0.802734 0.077422 0.385156
1 0.017681 0.589102 0.012412 0.087578
1 0.034307 0.652461 0.016855 0.154766
3 0.052686 0.546758 0.024707 0.287266
7 0.577715 0.711484 0.010703 0.348750
1 0.079995 0.772461 0.056533 0.453672
1 0.489526 0.636680 0.008506 0.069922
1 0.505420 0.644766 0.009473 0.068281
1 0.496011 0.589219 0.005889 0.047031
