5 0.924258 0.626367 0.012363 0.093047
8 0.973716 0.545625 0.003994 0.096094
5 0.868423 0.737305 0.011455 0.149609
5 0.147441 0.587969 0.011719 0.242969
5 0.257583 0.641094 0.013662 0.227500
5 0.280298 0.641836 0.009502 0.264766
5 0.859609 0.756875 0.014160 0.135937
5 0.854541 0.760859 0.016250 0.134531
5 0.849370 0.764453 0.015908 0.160156
5 0.160781 0.604219 0.015215 0.195937
5 0.836855 0.784141 0.010469 0.165625
5 0.169473 0.592695 0.006953 0.202578
5 0.182432 0.602734 0.011797 0.230469
5 0.831357 0.786484 0.013066 0.160469
5 0.191865 0.609727 0.008574 0.196797
5 0.204341 0.642617 0.009873 0.189922
5 0.218276 0.623437 0.010986 0.204531
5 0.228774 0.642266 0.009092 0.227969
5 0.241748 0.641992 0.007520 0.203359
7 0.200825 0.563438 0.009600 0.301094
7 0.301958 0.622891 0.011904 0.397969
1 0.361270 0.510625 0.025508 0.166250
5 0.766543 0.852344 0.006953 0.209375
5 0.744580 0.857070 0.008887 0.187578
5 0.723159 0.842656 0.011943 0.183906
5 0.711372 0.840508 0.009385 0.160547
5 0.702510 0.825625 0.007676 0.173281
5 0.692397 0.837031 0.007939 0.186406
7 0.618945 0.731016 0.006836 0.183906
1 0.603286 0.646992 0.015049 0.085859
