1 0.056265 0.537500 0.017217 0.103125
1 0.401143 0.747656 0.021230 0.151563
1 0.115479 0.569844 0.008789 0.063906
1 0.071870 0.532188 0.015830 0.097188
7 0.284897 0.838516 0.011045 0.321094
7 0.588477 0.728516 0.012695 0.335156
7 0.423506 0.752070 0.007227 0.254141
7 0.909717 0.458398 0.003027 0.097266
7 0.916104 0.448438 0.003613 0.110156
1 0.415947 0.607227 0.009980 0.104609
7 0.440396 0.702734 0.005498 0.160312
3 0.194287 0.638828 0.054980 0.194219
7 0.098853 0.524297 0.002158 0.065625
1 0.428037 0.672344 0.012617 0.130937
7 0.551411 0.552578 0.003623 0.079688
1 0.243770 0.740312 0.010781 0.067969
1 0.116309 0.572500 0.008594 0.070625
1 0.518423 0.648164 0.010869 0.093359
