1 0.648120 0.510195 0.010869 0.068672
1 0.484609 0.795195 0.051582 0.409609
2 0.408579 0.424297 0.039521 0.227187
1 0.529985 0.543750 0.022510 0.117500
1 0.345142 0.561133 0.020791 0.125859
1 0.300625 0.546758 0.014434 0.079297
1 0.319966 0.548203 0.019209 0.098906
3 0.273457 0.511602 0.029199 0.135391
1 0.276201 0.538008 0.013125 0.079922
7 0.646343 0.569219 0.005830 0.112031
7 0.657925 0.553008 0.006104 0.102422
8 0.633271 0.520078 0.005469 0.053125
7 0.997295 0.573750 0.005098 0.179688
7 0.567285 0.518359 0.003906 0.071875
7 0.458613 0.528047 0.005078 0.120313
7 0.465830 0.527578 0.005664 0.117188
7 0.471572 0.524375 0.004102 0.114844
7 0.475166 0.522031 0.003027 0.112500
7 0.488027 0.526719 0.005859 0.116406
7 0.449063 0.523516 0.005664 0.114063
