8 0.439355 0.635195 0.005059 0.143672
5 0.439619 0.686328 0.006387 0.090625
5 0.759062 0.704102 0.009609 0.215234
1 0.016030 0.792109 0.031729 0.415781
1 0.030273 0.641055 0.021895 0.151172
1 0.064229 0.602969 0.019609 0.135937
7 0.286919 0.796563 0.010615 0.380156
1 0.048135 0.775234 0.034551 0.318281
1 0.508643 0.799453 0.029316 0.316719
1 0.522783 0.613242 0.010117 0.082578
1 0.509072 0.615156 0.011895 0.087969
7 0.963896 0.557539 0.004355 0.136172
5 0.864771 0.652266 0.014736 0.178594
5 0.849360 0.677109 0.016572 0.175469
5 0.811562 0.700664 0.012070 0.174297
