1 0.017129 0.551914 0.009785 0.073672
1 0.371089 0.486953 0.016455 0.123906
7 0.391777 0.463906 0.003770 0.124531
7 0.096870 0.514766 0.004033 0.132344
7 0.076646 0.515078 0.003525 0.109062
7 0.085601 0.493281 0.003213 0.095312
7 0.089951 0.496797 0.002734 0.094531
7 0.061992 0.496797 0.002480 0.060625
7 0.622515 0.637266 0.004385 0.031719
7 0.622266 0.100469 0.003164 0.061719
1 0.259326 0.773516 0.093848 0.451406
1 0.194478 0.826172 0.126455 0.346094
1 0.084141 0.773828 0.070977 0.452344
1 0.046772 0.690898 0.039854 0.415078
