1 0.416426 0.614336 0.020957 0.125703
7 0.610693 0.563828 0.004492 0.144531
1 0.658794 0.457578 0.008779 0.112969
1 0.990239 0.568555 0.018232 0.171953
1 0.362061 0.614570 0.014531 0.121172
1 0.328604 0.615625 0.015820 0.113125
1 0.462173 0.565820 0.018428 0.122422
3 0.479102 0.531328 0.046387 0.201562
7 0.197529 0.822070 0.010176 0.351641
7 0.896733 0.779844 0.015186 0.436406
7 0.747388 0.747500 0.021514 0.481406
1 0.555010 0.562969 0.023340 0.142187
1 0.486753 0.860820 0.040928 0.274766
1 0.341089 0.715469 0.023096 0.171563
2 0.299556 0.607656 0.013916 0.087187
1 0.312842 0.629687 0.013379 0.114063
3 0.618115 0.486953 0.035254 0.182344
1 0.276274 0.626719 0.006826 0.057031
