1 0.427085 0.606680 0.027979 0.185078
7 0.236953 0.654922 0.004199 0.075781
3 0.278398 0.608242 0.043438 0.156641
7 0.544658 0.680898 0.011289 0.306953
1 0.505825 0.555469 0.016553 0.086562
1 0.344395 0.641875 0.015137 0.075937
7 0.598701 0.604766 0.005312 0.214375
7 0.614092 0.556133 0.005352 0.138516
1 0.613213 0.473828 0.008555 0.049844
1 0.485547 0.851953 0.039648 0.296094
1 0.423989 0.580937 0.020537 0.145000
1 0.316353 0.643984 0.016963 0.080156
1 0.412515 0.615195 0.022236 0.122422
1 0.342979 0.629961 0.020879 0.123047
1 0.369771 0.603437 0.023525 0.136250
1 0.989033 0.565039 0.021934 0.168359
8 0.471782 0.727852 0.019268 0.289297
5 0.472295 0.783164 0.019395 0.173203
