1 0.417974 0.616992 0.023818 0.114297
7 0.232441 0.646719 0.004199 0.075781
3 0.349219 0.598203 0.089277 0.287344
7 0.500278 0.729648 0.012217 0.310703
7 0.602637 0.649609 0.008184 0.270469
7 0.606851 0.573203 0.005518 0.153125
1 0.543799 0.522422 0.014922 0.077812
7 0.007139 0.571875 0.005605 0.182656
1 0.609863 0.469883 0.010820 0.054453
1 0.485547 0.852734 0.039648 0.294531
1 0.410107 0.592812 0.022949 0.145000
1 0.989551 0.545117 0.020898 0.208203
8 0.569487 0.621328 0.015361 0.221406
5 0.569341 0.666211 0.016104 0.138672
