1 0.078560 0.593320 0.013955 0.091328
7 0.991294 0.532461 0.004053 0.119453
7 0.537754 0.600703 0.005273 0.182813
1 0.098828 0.626523 0.013086 0.095391
1 0.050918 0.647305 0.015938 0.166328
1 0.126133 0.827109 0.055547 0.345781
1 0.477217 0.690195 0.014727 0.195234
2 0.490166 0.536992 0.018691 0.305859
1 0.450254 0.703086 0.025430 0.253516
1 0.319648 0.709805 0.018848 0.147734
7 0.409541 0.735313 0.004922 0.189688
1 0.621675 0.497148 0.019736 0.189609
1 0.033081 0.632539 0.021494 0.266328
1 0.005186 0.586250 0.010156 0.089844
1 0.015088 0.561211 0.006738 0.058672
