1 0.112646 0.711445 0.024902 0.221328
1 0.453745 0.693828 0.015303 0.142344
1 0.407632 0.802578 0.045342 0.339531
8 0.209536 0.272656 0.005342 0.092656
5 0.211040 0.320430 0.009814 0.042734
1 0.501836 0.604570 0.010664 0.111016
1 0.098643 0.742969 0.038652 0.274062
1 0.014619 0.782500 0.028867 0.430781
1 0.502686 0.808828 0.038125 0.308906
7 0.696333 0.651563 0.014346 0.553125
7 0.724282 0.694531 0.017920 0.610938
1 0.036357 0.614648 0.011992 0.110391
7 0.109653 0.626953 0.006963 0.195938
7 0.063188 0.539453 0.005850 0.093438
