1 0.053716 0.675039 0.022939 0.224141
1 0.120640 0.726094 0.034111 0.237656
1 0.502383 0.574062 0.007500 0.077031
1 0.315396 0.872383 0.082158 0.255234
7 0.979990 0.552305 0.005527 0.153359
1 0.108057 0.832852 0.064355 0.318828
1 0.483755 0.676719 0.014482 0.139531
1 0.009048 0.792969 0.018584 0.368750
1 0.515454 0.624336 0.015537 0.187266
1 0.029395 0.687109 0.020547 0.214375
1 0.016836 0.570898 0.011445 0.098516
2 0.024473 0.502109 0.008203 0.098281
7 0.985903 0.572305 0.004834 0.177266
1 0.444570 0.821445 0.049219 0.357109
