7 0.405762 0.462891 0.003320 0.100781
7 0.118413 0.511133 0.005361 0.141953
7 0.089185 0.515898 0.003584 0.114609
7 0.085601 0.493281 0.003213 0.095312
7 0.089951 0.496797 0.002734 0.094531
7 0.063975 0.495508 0.002813 0.060703
1 0.352314 0.399961 0.008145 0.045078
5 0.589443 0.783398 0.010488 0.087422
7 0.589165 0.724727 0.007920 0.221484
7 0.607593 0.140703 0.003467 0.061719
1 0.259326 0.773516 0.093848 0.451406
1 0.194478 0.826172 0.126455 0.346094
1 0.084219 0.773828 0.071133 0.452344
1 0.046772 0.690898 0.039854 0.415078
