7 0.039609 0.511094 0.001953 0.054688
7 0.024082 0.507188 0.002344 0.051563
7 0.037432 0.518984 0.002891 0.065781
2 0.380405 0.404141 0.026494 0.154219
1 0.599141 0.640781 0.018477 0.105000
1 0.469404 0.583008 0.027910 0.151797
1 0.102314 0.805000 0.085332 0.387187
1 0.044531 0.724063 0.034180 0.312656
1 0.055596 0.587969 0.017012 0.215469
3 0.205859 0.519258 0.286523 0.960703
1 0.273506 0.895664 0.121172 0.208672
7 0.353945 0.476016 0.003398 0.105000
2 0.547354 0.524062 0.061641 0.384844
7 0.881211 0.153242 0.005078 0.136797
7 0.976392 0.644844 0.006631 0.226719
7 0.886621 0.846836 0.009551 0.285078
7 0.896133 0.756563 0.011133 0.486875
