1 0.981729 0.534297 0.018320 0.212344
1 0.436851 0.715508 0.021299 0.208516
7 0.535435 0.787148 0.018584 0.425703
7 0.592515 0.602656 0.007061 0.226094
1 0.005200 0.601055 0.010400 0.153672
1 0.391797 0.840273 0.067578 0.319453
1 0.775454 0.815156 0.144404 0.369687
7 0.929082 0.536836 0.009746 0.304609
1 0.915483 0.771367 0.088135 0.456172
8 0.949941 0.694375 0.014453 0.415000
1 0.988477 0.621953 0.023047 0.307656
1 0.458853 0.610156 0.015068 0.179063
1 0.469395 0.620313 0.013223 0.079375
1 0.471890 0.626289 0.012021 0.076953
