7 0.966509 0.523008 0.003916 0.099297
7 0.964868 0.563164 0.006357 0.171016
1 0.157275 0.887305 0.070020 0.225391
1 0.310889 0.932422 0.112207 0.135156
1 0.484204 0.650664 0.020361 0.281953
1 0.010420 0.697695 0.020723 0.303203
7 0.082031 0.599219 0.004238 0.145469
8 0.116572 0.661055 0.008164 0.201328
5 0.116709 0.732070 0.010781 0.129766
1 0.145933 0.534687 0.012236 0.053750
1 0.012866 0.510781 0.005518 0.056719
1 0.113540 0.543164 0.011006 0.051953
1 0.027241 0.556367 0.007920 0.071328
3 0.557524 0.636875 0.064932 0.721719
1 0.509863 0.688125 0.014844 0.181875
