1 0.562710 0.589375 0.017412 0.102187
7 0.298984 0.567266 0.007031 0.207344
7 0.252515 0.570742 0.007666 0.236953
7 0.112017 0.533398 0.002607 0.136641
7 0.125513 0.532539 0.004053 0.156797
7 0.079663 0.532617 0.002451 0.088516
7 0.098154 0.530664 0.001836 0.107422
7 0.096572 0.527188 0.002715 0.116250
7 0.093862 0.521055 0.002314 0.107578
1 0.007617 0.618555 0.012891 0.113672
1 0.020562 0.586484 0.012217 0.080781
1 0.528032 0.571836 0.018916 0.116797
1 0.384692 0.470547 0.014580 0.091719
8 0.367612 0.520937 0.005713 0.098125
5 0.366699 0.610195 0.011719 0.100703
1 0.037305 0.682031 0.021094 0.187500
1 0.034985 0.527031 0.007705 0.060781
1 0.049170 0.551680 0.012598 0.093516
1 0.027666 0.520508 0.005801 0.076172
7 0.998398 0.563281 0.003203 0.085938
