1 0.159507 0.588242 0.008760 0.055391
1 0.169453 0.907031 0.106719 0.182969
1 0.089160 0.583867 0.010430 0.151172
1 0.105830 0.608828 0.014766 0.154219
1 0.120381 0.639336 0.018281 0.144453
1 0.141167 0.648203 0.020186 0.152500
1 0.162627 0.690195 0.024824 0.192891
1 0.186528 0.718633 0.021338 0.175078
1 0.222842 0.652656 0.009707 0.088750
1 0.207959 0.657656 0.008496 0.080937
1 0.501406 0.826328 0.035586 0.326875
1 0.444258 0.794883 0.049883 0.405547
1 0.381079 0.758945 0.026787 0.289141
7 0.569126 0.677578 0.008018 0.288906
1 0.614087 0.526758 0.020498 0.111172
7 0.566914 0.540078 0.003359 0.100156
7 0.368062 0.692344 0.004756 0.181094
1 0.172930 0.569609 0.008750 0.076406
8 0.932256 0.307500 0.005254 0.078125
3 0.989204 0.417188 0.010752 0.139219
1 0.473452 0.632109 0.008330 0.063125
