8 0.468003 0.609219 0.002998 0.081562
5 0.468188 0.636797 0.003486 0.050156
5 0.618774 0.668906 0.018018 0.124687
1 0.042432 0.788984 0.041855 0.422031
1 0.110815 0.708906 0.025186 0.165625
1 0.152803 0.635938 0.022344 0.140469
7 0.408950 0.692305 0.005186 0.210234
1 0.312197 0.916328 0.105059 0.167344
1 0.497637 0.769961 0.025098 0.291328
1 0.512734 0.620039 0.010117 0.082578
1 0.500898 0.595312 0.009453 0.067500
7 0.942314 0.570273 0.005215 0.097734
7 0.935825 0.583594 0.005537 0.209219
5 0.709482 0.723359 0.013105 0.221562
5 0.683481 0.716758 0.020420 0.180078
5 0.650767 0.699883 0.013447 0.171016
