1 0.049434 0.515625 0.014492 0.103125
1 0.378262 0.771602 0.024297 0.179453
1 0.061621 0.511172 0.013867 0.103594
7 0.219111 0.825156 0.011621 0.347031
7 0.627979 0.783984 0.013965 0.432031
7 0.399995 0.779805 0.007607 0.304453
1 0.402783 0.628789 0.010352 0.101172
7 0.425210 0.728320 0.005498 0.178516
3 0.180859 0.621875 0.050977 0.214062
7 0.087427 0.502031 0.002158 0.065625
1 0.414517 0.691797 0.012568 0.143750
7 0.547725 0.591641 0.003613 0.096094
7 0.914619 0.440391 0.002441 0.071875
1 0.106641 0.549609 0.010352 0.063281
1 0.516592 0.653789 0.010879 0.093359
