1 0.394380 0.705039 0.027842 0.159141
1 0.435869 0.738008 0.026309 0.244297
2 0.019751 0.539180 0.029053 0.215859
7 0.016636 0.601680 0.004150 0.118672
7 0.481035 0.605820 0.004141 0.132578
7 0.494727 0.571875 0.002832 0.068750
7 0.739248 0.493477 0.003027 0.108047
1 0.995132 0.612930 0.009346 0.105703
7 0.978408 0.565742 0.002148 0.094297
8 0.973057 0.577930 0.003887 0.089453
5 0.973086 0.614023 0.003711 0.075078
1 0.580649 0.593672 0.039482 0.282656
7 0.582939 0.781250 0.013398 0.437500
7 0.656875 0.743281 0.017500 0.513437
7 0.947119 0.576914 0.004980 0.143984
7 0.063604 0.652148 0.005937 0.192891
7 0.027505 0.617734 0.004795 0.167656
7 0.402231 0.708789 0.005771 0.236797
5 0.383447 0.740898 0.008340 0.088984
8 0.383018 0.693047 0.006602 0.163906
7 0.488213 0.589961 0.002637 0.101328
7 0.753457 0.456289 0.003027 0.085859
5 0.837666 0.460117 0.004062 0.064297
8 0.837832 0.421602 0.003496 0.097578
