1 0.004932 0.626953 0.008691 0.163437
1 0.079248 0.575937 0.016113 0.109687
1 0.162617 0.623086 0.009785 0.088672
1 0.496543 0.550703 0.004063 0.044219
1 0.502070 0.544141 0.005859 0.038281
1 0.629365 0.527383 0.018262 0.131641
1 0.044268 0.705156 0.040273 0.395000
1 0.509902 0.574414 0.007988 0.077891
7 0.478457 0.765039 0.013594 0.390234
7 0.447217 0.776172 0.015723 0.380469
7 0.354741 0.738086 0.007158 0.268672
7 0.621836 0.553008 0.007090 0.150703
1 0.088232 0.802148 0.070078 0.385859
7 0.563140 0.491289 0.003428 0.106953
7 0.559624 0.487422 0.002920 0.105000
2 0.510083 0.513594 0.007256 0.063281
1 0.152100 0.645547 0.018496 0.118437
1 0.133418 0.596953 0.021426 0.128281
1 0.111577 0.600508 0.023936 0.067578
1 0.098140 0.583672 0.017217 0.101094
1 0.238203 0.898555 0.124570 0.202891
1 0.996865 0.610781 0.006270 0.149219
2 0.491963 0.536484 0.007695 0.101875
