7 0.475493 0.628594 0.004678 0.108750
7 0.457769 0.642500 0.004678 0.158438
1 0.826816 0.636992 0.051348 0.309453
1 0.018550 0.588359 0.008213 0.074844
1 0.013433 0.796211 0.026865 0.407578
7 0.115591 0.726992 0.009873 0.366484
1 0.034912 0.686484 0.020605 0.195781
3 0.529839 0.568164 0.025010 0.358672
3 0.503027 0.524844 0.012480 0.135000
1 0.503706 0.716992 0.020986 0.248828
1 0.915327 0.807227 0.081924 0.385547
7 0.908340 0.610000 0.009297 0.148750
1 0.909429 0.563438 0.027021 0.194531
1 0.926978 0.570781 0.013818 0.124062
3 0.993354 0.510430 0.011924 0.193516
7 0.911104 0.606641 0.009512 0.149219
