1 0.501904 0.635547 0.012070 0.120156
1 0.473433 0.696680 0.020693 0.245234
1 0.449136 0.676992 0.017568 0.118828
1 0.420894 0.708164 0.022842 0.197109
1 0.873301 0.486055 0.019512 0.104766
1 0.038198 0.622773 0.015439 0.116797
1 0.019258 0.586758 0.011797 0.101484
1 0.439180 0.842578 0.046465 0.304219
1 0.165088 0.777031 0.141289 0.438594
1 0.392217 0.818047 0.045996 0.337656
1 0.857437 0.451250 0.017295 0.101250
2 0.842671 0.418125 0.021240 0.129375
1 0.498887 0.865625 0.041855 0.268750
2 0.012349 0.485664 0.008506 0.125859
1 0.005767 0.518242 0.006924 0.049922
