1 0.524473 0.675352 0.011641 0.101641
1 0.546597 0.635195 0.013604 0.093828
1 0.484683 0.659180 0.014639 0.083047
7 0.430396 0.719766 0.007178 0.245312
7 0.674097 0.773633 0.021338 0.452734
1 0.646597 0.556367 0.013057 0.113516
1 0.694590 0.506719 0.010195 0.090313
7 0.642227 0.568437 0.004160 0.089219
8 0.536958 0.655469 0.005381 0.123437
1 0.602456 0.595039 0.019170 0.116641
7 0.565249 0.609922 0.004248 0.097656
1 0.558291 0.620508 0.007988 0.090078
1 0.581743 0.605938 0.013936 0.076719
7 0.036567 0.653984 0.005752 0.173281
1 0.613267 0.575000 0.012529 0.101562
