3 0.428970 0.534492 0.053193 0.223672
1 0.317061 0.706328 0.023613 0.167969
1 0.991196 0.572656 0.016709 0.162500
1 0.486201 0.844961 0.038555 0.300078
1 0.025840 0.584531 0.012500 0.127969
1 0.028462 0.819102 0.048389 0.346484
1 0.295103 0.647773 0.015342 0.088672
2 0.326128 0.603281 0.017217 0.148281
8 0.574092 0.777813 0.017656 0.397969
7 0.077021 0.593008 0.006270 0.156797
7 0.916289 0.777500 0.015293 0.439531
7 0.972734 0.598555 0.004688 0.181484
7 0.979839 0.567031 0.004893 0.142813
3 0.507935 0.506641 0.073193 0.291563
3 0.612622 0.469297 0.033525 0.188906
2 0.379819 0.625586 0.031787 0.188984
1 0.544458 0.510156 0.015186 0.110156
2 0.575464 0.428906 0.016357 0.207344
3 0.244541 0.616719 0.032520 0.153906
3 0.644492 0.406562 0.027422 0.165625
