1 0.275981 0.895312 0.086904 0.209375
1 0.075503 0.642969 0.073408 0.690625
1 0.387651 0.825156 0.022666 0.231094
2 0.079912 0.633320 0.083984 0.601953
7 0.719229 0.748945 0.020742 0.502109
7 0.974258 0.463125 0.005234 0.126094
7 0.312559 0.739531 0.008867 0.210000
8 0.590889 0.628633 0.006582 0.086797
5 0.590874 0.673867 0.006689 0.054609
1 0.757349 0.779258 0.015967 0.138359
1 0.722529 0.694648 0.010117 0.082109
1 0.496880 0.672109 0.010693 0.074219
3 0.387197 0.663359 0.040020 0.284687
1 0.728418 0.624492 0.006445 0.046328
1 0.735845 0.634531 0.006826 0.049219
1 0.750986 0.620195 0.006445 0.050234
1 0.758018 0.621367 0.005469 0.049453
1 0.743511 0.624492 0.005967 0.057266
1 0.728408 0.622812 0.007227 0.080000
1 0.734990 0.624297 0.006641 0.070312
1 0.751318 0.610078 0.007324 0.066406
1 0.793706 0.731680 0.018760 0.198672
7 0.963696 0.500078 0.007080 0.228594
