1 0.603188 0.517773 0.017451 0.091172
1 0.647065 0.515039 0.010146 0.068828
1 0.484785 0.798203 0.052695 0.403594
2 0.405537 0.435078 0.042578 0.236563
1 0.378730 0.560586 0.023711 0.126953
1 0.296167 0.556719 0.014736 0.087187
1 0.292012 0.545508 0.012559 0.067734
1 0.301621 0.543594 0.015508 0.089844
3 0.272510 0.516875 0.025273 0.115937
1 0.273291 0.527734 0.013125 0.074687
7 0.650835 0.563164 0.005830 0.111953
7 0.658389 0.553008 0.006094 0.102422
7 0.005566 0.562539 0.003789 0.140547
7 0.577705 0.517344 0.003906 0.071875
7 0.459893 0.526484 0.005078 0.120313
7 0.466396 0.527109 0.005664 0.117188
7 0.471572 0.524375 0.004102 0.114844
7 0.475527 0.521641 0.003027 0.112500
7 0.489639 0.526719 0.005859 0.116406
7 0.450293 0.522578 0.005664 0.114062
