8 0.068662 0.579023 0.008555 0.183047
1 0.505825 0.747578 0.041436 0.290469
5 0.069600 0.654297 0.012598 0.080313
1 0.544961 0.646211 0.013594 0.164453
1 0.565449 0.648711 0.014629 0.121328
1 0.049746 0.700313 0.041113 0.327344
1 0.934844 0.708789 0.038672 0.396641
1 0.611582 0.850078 0.080039 0.307656
1 0.399575 0.704453 0.014463 0.124219
2 0.489790 0.580156 0.022959 0.168750
7 0.627593 0.573164 0.006240 0.172578
7 0.635205 0.573164 0.006094 0.198984
1 0.594146 0.606289 0.015420 0.109453
1 0.373071 0.656055 0.011982 0.090859
1 0.237036 0.696602 0.016045 0.085703
1 0.354814 0.636406 0.006953 0.053594
1 0.348530 0.626250 0.006182 0.037031
7 0.943525 0.496992 0.007188 0.112578
1 0.284346 0.727461 0.015879 0.072109
