1 0.437588 0.534883 0.027051 0.161172
1 0.576240 0.523086 0.024023 0.116172
1 0.312046 0.586016 0.022354 0.115469
7 0.643857 0.529727 0.004961 0.067891
1 0.485044 0.802539 0.054307 0.394922
2 0.407710 0.438828 0.042568 0.233281
1 0.299951 0.548242 0.018984 0.097266
1 0.279702 0.561094 0.011729 0.086250
1 0.289956 0.543711 0.009932 0.051484
1 0.300142 0.546250 0.013975 0.098125
3 0.273174 0.510273 0.023672 0.116328
1 0.265972 0.521250 0.013115 0.074688
7 0.653076 0.559258 0.005840 0.111953
7 0.658389 0.553008 0.006094 0.102422
7 0.013491 0.545156 0.003916 0.118281
7 0.592676 0.515937 0.003906 0.071875
7 0.459893 0.526484 0.005078 0.120313
7 0.466396 0.527109 0.005664 0.117188
7 0.471572 0.524375 0.004102 0.114844
7 0.475527 0.521641 0.003027 0.112500
7 0.489639 0.526719 0.005859 0.116406
7 0.450293 0.522578 0.005664 0.114062
