1 0.373486 0.867734 0.071191 0.264531
1 0.381753 0.674141 0.018467 0.139062
1 0.386748 0.697852 0.023398 0.144609
2 0.049429 0.566641 0.031123 0.206094
7 0.011792 0.595313 0.004150 0.120313
1 0.468496 0.716445 0.041387 0.223828
7 0.471729 0.607461 0.002832 0.119453
7 0.489761 0.581719 0.003389 0.084375
7 0.741221 0.484023 0.003027 0.103359
1 0.997021 0.587344 0.005957 0.074687
7 0.967617 0.564961 0.002148 0.091797
7 0.964697 0.555000 0.002441 0.082187
8 0.976758 0.598750 0.005020 0.120000
5 0.976787 0.660313 0.005664 0.125625
1 0.556445 0.616484 0.043262 0.286406
7 0.629478 0.746094 0.013350 0.455000
7 0.594224 0.771094 0.015986 0.457812
7 0.943262 0.559492 0.004102 0.129922
7 0.050830 0.627812 0.006152 0.170937
7 0.019609 0.607578 0.004570 0.149687
7 0.399385 0.712852 0.005176 0.243047
7 0.484678 0.603633 0.002910 0.109922
7 0.753452 0.465000 0.002861 0.085313
5 0.842744 0.444219 0.004531 0.053750
8 0.842983 0.408242 0.003037 0.086172
