1 0.642368 0.511797 0.011963 0.071563
1 0.484634 0.795664 0.051768 0.408672
2 0.408340 0.422773 0.039922 0.222266
1 0.506899 0.547969 0.023311 0.123125
1 0.331689 0.556719 0.018301 0.117031
1 0.297905 0.546563 0.014131 0.077500
1 0.316191 0.545156 0.018633 0.097500
3 0.273291 0.510898 0.028535 0.135391
1 0.276016 0.535352 0.013125 0.077578
7 0.647529 0.568789 0.005840 0.111953
7 0.658389 0.553008 0.006094 0.102422
8 0.635938 0.523438 0.005469 0.053125
7 0.998193 0.571484 0.003613 0.179688
7 0.568916 0.518203 0.003906 0.071875
7 0.459326 0.527188 0.005078 0.120313
7 0.466396 0.527109 0.005664 0.117188
7 0.471572 0.524375 0.004102 0.114844
7 0.475527 0.521641 0.003027 0.112500
7 0.488809 0.526719 0.005859 0.116406
7 0.449834 0.522891 0.005664 0.114063
