1 0.048110 0.666875 0.024131 0.200469
1 0.210015 0.888477 0.081553 0.219609
1 0.443608 0.782070 0.021982 0.208984
1 0.479634 0.646406 0.014111 0.122812
1 0.974492 0.532930 0.016836 0.114297
3 0.954761 0.479023 0.005518 0.083047
5 0.936704 0.616445 0.016182 0.109453
5 0.901514 0.597617 0.013184 0.112422
5 0.891963 0.600078 0.008262 0.082969
7 0.410024 0.677695 0.004189 0.130703
7 0.376792 0.651055 0.005654 0.063047
7 0.275366 0.702383 0.006650 0.200078
7 0.285703 0.706797 0.005586 0.181875
7 0.344092 0.677695 0.004727 0.106953
7 0.341968 0.674609 0.002705 0.072656
7 0.362344 0.627969 0.003711 0.066094
2 0.015654 0.530039 0.018125 0.128984
5 0.253433 0.735508 0.005459 0.104141
5 0.247710 0.732422 0.003369 0.107969
5 0.243853 0.731602 0.005107 0.112734
5 0.235342 0.729219 0.003887 0.105156
