7 0.069048 0.543320 0.004053 0.095078
8 0.995845 0.651406 0.008311 0.348906
8 0.970376 0.571680 0.005166 0.147266
1 0.493770 0.856523 0.032441 0.273359
1 0.503027 0.778711 0.028711 0.190234
1 0.528374 0.641172 0.027393 0.197969
1 0.572827 0.671914 0.018838 0.121328
1 0.612432 0.660937 0.020273 0.110312
1 0.640737 0.653125 0.016650 0.108750
1 0.130630 0.601562 0.024951 0.124531
1 0.061392 0.557500 0.009014 0.085938
1 0.126968 0.592578 0.022100 0.133594
8 0.002202 0.670078 0.004404 0.231094
7 0.056641 0.550742 0.004941 0.114609
8 0.267100 0.547813 0.005000 0.068438
8 0.393350 0.523945 0.006211 0.097578
7 0.508638 0.645391 0.004971 0.110156
7 0.515737 0.641055 0.005283 0.108672
