3 0.263872 0.630625 0.213662 0.729062
1 0.477207 0.645703 0.013633 0.127812
1 0.059565 0.568984 0.018584 0.155469
1 0.438916 0.678086 0.017148 0.153984
1 0.004063 0.537852 0.007070 0.104297
1 0.484517 0.587422 0.011865 0.099844
3 0.058960 0.547187 0.016455 0.138281
3 0.091396 0.529805 0.052520 0.336953
8 0.174219 0.686133 0.015039 0.233203
1 0.970190 0.470820 0.016455 0.078828
1 0.663945 0.372109 0.029453 0.145469
1 0.026138 0.611367 0.021729 0.175703
1 0.420259 0.829297 0.069639 0.341406
1 0.069165 0.817656 0.056807 0.364688
3 0.038545 0.483477 0.021621 0.216953
7 0.974541 0.557070 0.005625 0.160078
