1 0.734878 0.628359 0.026006 0.159375
1 0.808066 0.563750 0.008281 0.113437
2 0.799556 0.542500 0.010928 0.135937
1 0.780542 0.524883 0.007959 0.090547
1 0.788750 0.544609 0.009473 0.082656
5 0.945166 0.561523 0.012500 0.157422
7 0.937783 0.553164 0.006426 0.253828
5 0.710059 0.770859 0.012109 0.233594
5 0.098481 0.683984 0.010205 0.140000
5 0.088408 0.674414 0.006582 0.099609
7 0.356396 0.819766 0.010918 0.320469
7 0.445903 0.693711 0.004287 0.122266
1 0.825029 0.553984 0.028184 0.142031
1 0.739170 0.549531 0.021699 0.169062
