1 0.226338 0.918750 0.085391 0.181094
1 0.403711 0.673672 0.017305 0.136094
1 0.408555 0.698438 0.029375 0.185000
2 0.063110 0.576719 0.028076 0.199375
7 0.006738 0.596445 0.003906 0.121172
1 0.007603 0.599687 0.015205 0.100000
1 0.517368 0.710469 0.042412 0.245313
7 0.486987 0.592109 0.003330 0.107656
7 0.741865 0.480820 0.003027 0.101641
7 0.963965 0.560117 0.002148 0.089922
7 0.967910 0.556758 0.002422 0.081953
8 0.976670 0.613477 0.006816 0.152734
5 0.976743 0.676016 0.006221 0.134062
1 0.552583 0.603164 0.039541 0.252422
7 0.644585 0.725938 0.014541 0.444375
7 0.568564 0.787344 0.014082 0.425312
7 0.941313 0.560117 0.003779 0.124766
7 0.046719 0.631250 0.006191 0.170312
7 0.017021 0.605195 0.004375 0.139766
7 0.398589 0.709883 0.005186 0.241797
7 0.484287 0.601680 0.002910 0.109141
7 0.753389 0.467187 0.002969 0.088437
5 0.844585 0.439102 0.004717 0.048672
8 0.844917 0.404219 0.002861 0.081875
