1 0.689399 0.503437 0.015479 0.106250
7 0.485786 0.584102 0.005889 0.113203
7 0.500366 0.592109 0.006318 0.107031
8 0.503691 0.592812 0.008555 0.098281
1 0.104375 0.819336 0.071934 0.354297
1 0.508110 0.876641 0.039893 0.234062
1 0.011577 0.800742 0.023369 0.393984
1 0.987480 0.800000 0.024512 0.394062
1 0.035181 0.707891 0.041260 0.353125
1 0.626602 0.577656 0.025566 0.151250
1 0.648394 0.545859 0.018135 0.115312
7 0.513232 0.595898 0.005430 0.103203
7 0.955605 0.588359 0.006621 0.210781
7 0.212080 0.786445 0.013145 0.417578
7 0.785933 0.455000 0.005576 0.113438
1 0.604517 0.527734 0.036377 0.252188
