1 0.042749 0.624219 0.014580 0.124375
1 0.017363 0.556641 0.010859 0.073750
1 0.007124 0.534883 0.008623 0.068828
3 0.169814 0.669609 0.163691 0.589219
1 0.993750 0.803281 0.012500 0.393437
3 0.427881 0.657891 0.021836 0.328281
1 0.907056 0.485156 0.015596 0.091406
1 0.459082 0.847852 0.035586 0.244141
1 0.014941 0.805391 0.028730 0.389062
1 0.112124 0.889570 0.063643 0.220859
1 0.061987 0.675820 0.023115 0.218516
1 0.115308 0.805352 0.062217 0.359297
7 0.766738 0.722266 0.015723 0.543125
2 0.343809 0.564961 0.161641 0.869297
1 0.504907 0.777930 0.038213 0.444141
1 0.477949 0.781406 0.015488 0.137656
