1 0.488706 0.587109 0.006182 0.044531
7 0.671973 0.415703 0.003906 0.148281
7 0.978711 0.583594 0.003711 0.137500
1 0.333398 0.807422 0.136133 0.383594
7 0.768457 0.744648 0.021289 0.510703
7 0.981836 0.577344 0.003711 0.115625
1 0.114243 0.826719 0.085537 0.346562
1 0.020713 0.819531 0.041387 0.359375
1 0.053906 0.785547 0.036914 0.410156
1 0.013154 0.599727 0.025195 0.080547
7 0.261768 0.706055 0.007129 0.198047
7 0.517573 0.576094 0.002646 0.058594
7 0.669365 0.408477 0.004941 0.209766
5 0.679785 0.457031 0.014453 0.093750
