3 0.006050 0.438633 0.012100 0.235547
1 0.154741 0.572773 0.008877 0.055391
7 0.562271 0.363008 0.002490 0.038672
1 0.253149 0.938594 0.106201 0.120937
1 0.085688 0.571953 0.011162 0.137813
1 0.099419 0.583203 0.013154 0.154062
1 0.115986 0.617578 0.017930 0.140469
1 0.135532 0.621211 0.020967 0.146797
1 0.154839 0.678867 0.023877 0.164297
1 0.177178 0.696797 0.023379 0.158125
1 0.219272 0.655078 0.009697 0.088750
1 0.201206 0.648164 0.008506 0.081016
1 0.503101 0.826016 0.031318 0.319375
1 0.443032 0.812852 0.053896 0.362422
1 0.044946 0.571484 0.023252 0.179531
7 0.543423 0.701836 0.008018 0.268672
1 0.618311 0.534180 0.020312 0.111172
7 0.535977 0.587852 0.003359 0.132266
7 0.361045 0.719375 0.005645 0.213750
1 0.167236 0.569844 0.008750 0.076406
3 0.993325 0.407813 0.013350 0.203125
1 0.471016 0.652969 0.008320 0.067813
