1 0.040635 0.537695 0.020937 0.146016
2 0.632393 0.586445 0.032637 0.153984
1 0.648154 0.646094 0.022285 0.054688
1 0.995469 0.605117 0.008789 0.375859
1 0.542832 0.650508 0.029180 0.196953
5 0.530742 0.587813 0.008789 0.059375
5 0.527085 0.552383 0.010459 0.064141
5 0.416538 0.516563 0.015947 0.077188
1 0.333496 0.522266 0.028027 0.137813
7 0.315474 0.523633 0.006357 0.111328
5 0.439053 0.478867 0.012715 0.063359
1 0.008057 0.607422 0.016113 0.351719
1 0.280078 0.514961 0.020703 0.088828
1 0.222329 0.538008 0.027588 0.101484
