1 0.532266 0.587148 0.020566 0.110703
1 0.587607 0.622422 0.018652 0.109687
7 0.232329 0.551328 0.006865 0.207500
7 0.181592 0.536367 0.007480 0.217422
7 0.098413 0.516602 0.001885 0.111484
7 0.107798 0.520742 0.004053 0.134141
7 0.076138 0.525234 0.002451 0.088594
7 0.085400 0.505859 0.001660 0.105469
7 0.089561 0.514609 0.002520 0.105156
7 0.083545 0.508359 0.001660 0.100469
1 0.006816 0.682695 0.012930 0.143516
1 0.032041 0.646641 0.026289 0.209688
1 0.482251 0.547969 0.019111 0.131875
1 0.410034 0.510234 0.020283 0.132344
8 0.351123 0.517891 0.006270 0.128281
5 0.350957 0.611641 0.013320 0.122031
1 0.080059 0.794531 0.059531 0.410937
