1 0.013037 0.582852 0.011348 0.166328
1 0.055986 0.787617 0.044668 0.424766
1 0.025010 0.658477 0.016387 0.197109
1 0.133721 0.891523 0.083633 0.216953
1 0.500889 0.605000 0.009707 0.093906
1 0.436284 0.819141 0.046729 0.350781
1 0.352939 0.902070 0.087676 0.195859
1 0.487524 0.627344 0.009775 0.086562
1 0.467583 0.714375 0.020928 0.225469
7 0.987720 0.553320 0.003428 0.107266
1 0.576655 0.497305 0.020322 0.124453
1 0.599287 0.501523 0.021543 0.139766
1 0.613740 0.492852 0.018418 0.137734
1 0.635298 0.613516 0.043838 0.252656
2 0.009741 0.500547 0.012354 0.275469
3 0.898779 0.500000 0.163770 1.000000
