1 0.032349 0.671758 0.018701 0.180703
1 0.449688 0.616563 0.009492 0.054375
1 0.502329 0.631758 0.012920 0.116641
1 0.472905 0.699336 0.020713 0.205391
1 0.027900 0.533086 0.005527 0.049453
1 0.873247 0.486016 0.020107 0.103594
1 0.081348 0.805469 0.068555 0.389062
1 0.455244 0.833320 0.036504 0.322578
1 0.341064 0.786406 0.164551 0.410312
1 0.857437 0.451250 0.017295 0.101250
2 0.842671 0.418125 0.021240 0.129375
1 0.498887 0.865625 0.041855 0.268750
2 0.018779 0.471484 0.014531 0.188750
1 0.006055 0.558711 0.010293 0.101172
