1 0.066948 0.616992 0.017041 0.115859
7 0.992319 0.509180 0.003447 0.087891
7 0.544233 0.640313 0.007041 0.230313
1 0.061201 0.687461 0.023105 0.209453
1 0.472622 0.713984 0.017451 0.215469
2 0.488916 0.537383 0.020801 0.334609
1 0.395093 0.803047 0.055127 0.387344
1 0.292114 0.717148 0.016260 0.150859
1 0.648623 0.496016 0.021309 0.226406
1 0.695859 0.597187 0.026445 0.305313
1 0.281655 0.720664 0.010771 0.100859
1 0.031235 0.619297 0.020342 0.244219
1 0.005220 0.568750 0.010264 0.079688
1 0.014570 0.550664 0.006602 0.059609
