1 0.178306 0.636719 0.012920 0.089531
1 0.428721 0.621016 0.015508 0.094531
7 0.625801 0.800625 0.023770 0.393125
7 0.520703 0.647930 0.005605 0.146484
1 0.173940 0.676953 0.014424 0.094531
7 0.558364 0.728203 0.011611 0.342187
7 0.516919 0.593828 0.003740 0.118125
7 0.511123 0.584961 0.002129 0.053047
1 0.186152 0.649102 0.008008 0.067266
1 0.194565 0.648438 0.006182 0.043750
1 0.289131 0.644102 0.015117 0.101016
1 0.039199 0.656758 0.020195 0.222422
1 0.004272 0.566484 0.007490 0.066719
1 0.484795 0.667969 0.013789 0.127031
1 0.416792 0.867734 0.068096 0.264531
2 0.014687 0.461641 0.012598 0.229844
