7 0.397554 0.569531 0.006006 0.149062
7 0.391045 0.577734 0.005820 0.144844
7 0.201157 0.585430 0.004717 0.213516
7 0.191821 0.576094 0.005322 0.186875
7 0.173687 0.600000 0.005518 0.166406
7 0.163062 0.593125 0.006279 0.195312
7 0.171226 0.583672 0.004932 0.189375
7 0.122373 0.585195 0.004355 0.169141
7 0.240400 0.577266 0.004395 0.202500
1 0.003994 0.631484 0.007988 0.100781
1 0.008975 0.584219 0.007812 0.067187
8 0.418008 0.533359 0.004219 0.058906
5 0.417129 0.585391 0.009492 0.062031
2 0.018340 0.514102 0.009609 0.125078
1 0.015820 0.638828 0.015293 0.135469
1 0.028799 0.567734 0.008887 0.082656
1 0.077578 0.635195 0.024531 0.169609
1 0.218345 0.751250 0.055459 0.318906
1 0.043008 0.577422 0.014414 0.123594
7 0.980049 0.592344 0.003848 0.137031
