1 0.616401 0.632930 0.029248 0.174297
1 0.993467 0.554609 0.009863 0.074219
1 0.826367 0.473828 0.011328 0.077344
1 0.842773 0.475781 0.011230 0.061719
1 0.786563 0.482578 0.009180 0.058594
2 0.522109 0.577617 0.008398 0.097422
1 0.985254 0.503516 0.009766 0.072813
1 0.796626 0.480859 0.009033 0.063281
1 0.871768 0.462227 0.013438 0.063828
1 0.806851 0.483516 0.006709 0.067656
1 0.816392 0.479609 0.008604 0.072969
1 0.681753 0.515078 0.013408 0.135313
1 0.860215 0.480039 0.007871 0.060703
1 0.851636 0.485352 0.007861 0.074609
