1 0.486113 0.670508 0.010313 0.089453
7 0.444854 0.699570 0.006133 0.192109
1 0.656050 0.550938 0.017822 0.160000
1 0.670234 0.551133 0.008418 0.100547
2 0.491655 0.549727 0.008506 0.146328
1 0.033833 0.657891 0.016357 0.187344
1 0.014683 0.805781 0.028799 0.388125
1 0.336011 0.710469 0.029736 0.180312
1 0.987773 0.596484 0.015586 0.192188
3 0.925112 0.500508 0.114072 0.998984
1 0.548975 0.788711 0.038359 0.293203
3 0.522446 0.566289 0.016299 0.279609
1 0.499844 0.769570 0.025410 0.291484
2 0.502524 0.555898 0.012998 0.159141
1 0.993218 0.845586 0.013564 0.308828
1 0.608105 0.585898 0.008711 0.135078
1 0.441455 0.834766 0.052637 0.330469
1 0.018188 0.564102 0.007373 0.070078
