5 0.577461 0.648359 0.014160 0.111563
1 0.046948 0.801875 0.042607 0.396250
1 0.116226 0.717422 0.024287 0.161719
1 0.155527 0.644922 0.021406 0.141406
7 0.401426 0.668672 0.004355 0.162656
1 0.375801 0.878516 0.079258 0.242969
1 0.478545 0.771133 0.024258 0.291328
1 0.490283 0.624336 0.010117 0.082578
1 0.476592 0.598437 0.009453 0.067500
7 0.911475 0.575391 0.006738 0.125781
7 0.906655 0.591289 0.005791 0.153984
7 0.901187 0.597773 0.006592 0.233672
5 0.647217 0.689570 0.015781 0.210391
5 0.628760 0.696211 0.017949 0.150547
5 0.605474 0.673633 0.017373 0.150078
