7 0.406641 0.552344 0.004688 0.215625
7 0.665396 0.510156 0.003252 0.096875
1 0.683740 0.510156 0.005371 0.048438
1 0.650049 0.474219 0.012012 0.065625
1 0.815708 0.649219 0.003350 0.070312
1 0.966021 0.601367 0.015205 0.103359
5 0.940342 0.771367 0.009160 0.124453
7 0.939043 0.669219 0.004922 0.205625
7 0.904521 0.760781 0.008652 0.330000
7 0.976821 0.616094 0.001279 0.124688
7 0.533442 0.525273 0.004971 0.168516
7 0.539990 0.506172 0.004980 0.187656
1 0.490244 0.433359 0.006074 0.058125
1 0.373906 0.618398 0.020605 0.114922
1 0.399395 0.623125 0.019629 0.110156
1 0.421025 0.579375 0.012695 0.052344
