1 0.497275 0.703320 0.020234 0.120547
1 0.165664 0.839570 0.067813 0.315547
1 0.384072 0.717188 0.020820 0.101719
1 0.447720 0.702305 0.015127 0.095391
1 0.558911 0.652266 0.022646 0.169219
1 0.322280 0.697930 0.011123 0.099453
1 0.335562 0.677148 0.012998 0.133828
1 0.315132 0.657891 0.008447 0.070000
1 0.312354 0.666211 0.007187 0.067891
1 0.470083 0.698984 0.019834 0.115000
1 0.912085 0.767852 0.053350 0.484141
1 0.596465 0.843438 0.048477 0.301406
2 0.377129 0.656484 0.022617 0.156094
7 0.653096 0.658711 0.006055 0.279609
7 0.662808 0.662656 0.007979 0.316094
1 0.187275 0.669219 0.016895 0.090313
7 0.935308 0.478516 0.006455 0.146094
1 0.237930 0.706836 0.015215 0.077422
