1 0.366787 0.669180 0.018340 0.109453
7 0.979326 0.573008 0.005898 0.183516
7 0.935645 0.768359 0.015625 0.461719
7 0.955278 0.625078 0.008584 0.290781
7 0.556489 0.756484 0.012119 0.410469
7 0.521558 0.607852 0.003564 0.109922
7 0.533389 0.632344 0.006523 0.199375
1 0.733076 0.597852 0.029941 0.420703
1 0.697324 0.505117 0.020684 0.218203
1 0.747554 0.516602 0.016416 0.167578
1 0.750874 0.459180 0.012373 0.093359
1 0.710796 0.466680 0.009854 0.145859
1 0.189067 0.625508 0.019131 0.118984
1 0.026777 0.604102 0.013965 0.139453
1 0.005874 0.565547 0.009033 0.077656
1 0.480024 0.695391 0.017432 0.176094
1 0.135947 0.884727 0.091309 0.230547
2 0.017246 0.485820 0.011465 0.185234
