7 0.749775 0.393125 0.002461 0.083125
7 0.747642 0.369141 0.001924 0.071094
3 0.544287 0.565117 0.036621 0.136953
7 0.535874 0.605469 0.002861 0.096250
1 0.006230 0.647891 0.012383 0.203281
1 0.044883 0.639727 0.020195 0.218984
1 0.069146 0.768672 0.051553 0.393594
3 0.030420 0.545430 0.026270 0.392422
7 0.196685 0.782695 0.012803 0.423359
7 0.201226 0.869219 0.009561 0.246250
7 0.569097 0.674141 0.005459 0.224219
7 0.763477 0.502734 0.003750 0.110156
7 0.765283 0.560781 0.004961 0.159062
7 0.756685 0.459492 0.003682 0.091953
1 0.996919 0.648945 0.006162 0.219141
7 0.969526 0.607344 0.006592 0.160625
3 0.503672 0.560547 0.017090 0.247969
1 0.502373 0.790234 0.021113 0.295781
