1 0.029429 0.660859 0.021768 0.233437
3 0.362510 0.591406 0.079570 0.340313
1 0.054351 0.598281 0.010967 0.125625
1 0.290400 0.648633 0.014238 0.087109
7 0.127534 0.681680 0.007236 0.238984
7 0.621367 0.471328 0.002734 0.036719
7 0.990762 0.472266 0.002188 0.040938
7 0.998120 0.472930 0.003643 0.044766
3 0.656582 0.443750 0.023086 0.124219
1 0.401318 0.596562 0.013184 0.149063
2 0.237520 0.593359 0.010313 0.126563
1 0.302354 0.635312 0.011621 0.068750
1 0.263779 0.619687 0.007734 0.069375
1 0.989985 0.567305 0.018838 0.172109
3 0.458970 0.536211 0.050420 0.190078
7 0.967480 0.630391 0.008574 0.296094
7 0.929907 0.733516 0.014951 0.496094
1 0.486753 0.860820 0.040928 0.274766
3 0.616016 0.491719 0.035254 0.182344
