1 0.020640 0.599492 0.012744 0.103984
1 0.359824 0.841562 0.061680 0.316875
1 0.501523 0.634492 0.013145 0.115078
1 0.473579 0.701367 0.019834 0.206328
1 0.054551 0.612422 0.016523 0.135781
1 0.873130 0.486523 0.019580 0.106328
1 0.044175 0.748359 0.032920 0.296562
1 0.449678 0.824727 0.037344 0.350391
1 0.295444 0.801641 0.158623 0.399531
1 0.857437 0.451250 0.017295 0.101250
2 0.842671 0.418125 0.021240 0.129375
1 0.498887 0.865625 0.041855 0.268750
2 0.014805 0.482266 0.011602 0.163750
1 0.005830 0.539570 0.007910 0.064453
