7 0.415137 0.459062 0.002988 0.078125
7 0.131895 0.520859 0.005527 0.145469
7 0.099570 0.520938 0.004355 0.140156
7 0.085601 0.493281 0.003213 0.095312
7 0.089951 0.496797 0.002734 0.094531
7 0.065137 0.501758 0.003242 0.074609
1 0.386924 0.446211 0.012500 0.083359
1 0.359214 0.411758 0.008740 0.040859
5 0.573594 0.807070 0.014668 0.126328
7 0.574038 0.741523 0.009717 0.283672
7 0.600073 0.161719 0.003936 0.061719
1 0.259326 0.773516 0.093848 0.451406
1 0.194478 0.826172 0.126455 0.346094
1 0.084346 0.773828 0.071387 0.452344
1 0.046772 0.690898 0.039854 0.415078
