1 0.542451 0.852930 0.046211 0.273047
1 0.967915 0.539570 0.009229 0.091172
1 0.972983 0.790977 0.049521 0.397891
1 0.474551 0.615742 0.012598 0.106797
1 0.478193 0.662031 0.010430 0.143750
1 0.459761 0.597227 0.008018 0.075078
1 0.471768 0.598672 0.012402 0.080156
1 0.580493 0.645820 0.026299 0.121953
1 0.605708 0.899336 0.057412 0.207891
1 0.121519 0.597656 0.025459 0.150000
1 0.058462 0.685273 0.035127 0.285547
3 0.505039 0.601484 0.064941 0.500000
3 0.337559 0.525391 0.162969 0.878906
7 0.856460 0.648320 0.008057 0.141016
7 0.837627 0.668789 0.008789 0.218203
