7 0.411060 0.460742 0.003135 0.088047
7 0.126035 0.516641 0.005469 0.143906
7 0.095054 0.518750 0.004014 0.129062
7 0.085601 0.493281 0.003213 0.095312
7 0.089951 0.496797 0.002734 0.094531
7 0.064624 0.498594 0.003037 0.067656
1 0.369194 0.414805 0.009795 0.055703
1 0.346724 0.405234 0.008408 0.039531
5 0.580791 0.794687 0.012266 0.106250
7 0.580532 0.735078 0.008857 0.258437
7 0.603340 0.152578 0.003730 0.061719
1 0.259326 0.773516 0.093848 0.451406
1 0.194478 0.826172 0.126455 0.346094
1 0.084292 0.773828 0.071279 0.452344
1 0.046772 0.690898 0.039854 0.415078
