3 0.071641 0.517617 0.052070 0.394609
1 0.471357 0.699063 0.016016 0.155781
1 0.035762 0.512305 0.009121 0.092891
1 0.207114 0.774141 0.068955 0.361719
1 0.016851 0.517383 0.013486 0.094766
1 0.482627 0.620742 0.012051 0.088672
7 0.315049 0.647227 0.005547 0.176484
7 0.414805 0.670039 0.004668 0.126484
8 0.146494 0.667773 0.013301 0.203516
1 0.029121 0.592305 0.016250 0.137266
1 0.195142 0.855156 0.126436 0.289687
1 0.045366 0.702227 0.027373 0.243984
3 0.019761 0.441367 0.037373 0.217109
7 0.990752 0.489063 0.003965 0.121875
