1 0.164941 0.898750 0.089141 0.194062
1 0.407285 0.654453 0.016406 0.127500
1 0.416450 0.703320 0.031162 0.193203
2 0.066357 0.578320 0.029785 0.197422
7 0.005127 0.595586 0.004785 0.118203
1 0.534883 0.695039 0.040391 0.237734
7 0.517871 0.551641 0.002148 0.050000
7 0.486123 0.596953 0.003438 0.116094
7 0.742051 0.479883 0.003027 0.101172
7 0.963076 0.558008 0.002148 0.089922
7 0.968823 0.557266 0.002412 0.081875
8 0.976660 0.624219 0.006973 0.166719
5 0.976729 0.680469 0.006367 0.136563
1 0.550947 0.607461 0.038848 0.256484
7 0.650103 0.715820 0.012080 0.452266
7 0.559609 0.792656 0.013086 0.418594
7 0.940762 0.560312 0.003691 0.123281
7 0.045737 0.623945 0.005791 0.158828
7 0.016279 0.604531 0.004316 0.137031
7 0.398423 0.711055 0.005186 0.242578
7 0.484287 0.601680 0.002910 0.109141
7 0.753374 0.467812 0.002998 0.089375
5 0.845161 0.438516 0.004580 0.047187
8 0.845459 0.403711 0.002813 0.080703
