1 0.732588 0.465664 0.043438 0.222578
1 0.808213 0.436562 0.020508 0.102500
1 0.786519 0.399687 0.016396 0.083594
1 0.697026 0.458828 0.009971 0.159688
7 0.523975 0.598086 0.003828 0.130703
7 0.480352 0.588711 0.003027 0.057891
7 0.473003 0.592734 0.002393 0.061406
7 0.463062 0.596133 0.002373 0.061172
1 0.842749 0.477109 0.028643 0.193125
1 0.124390 0.839922 0.075889 0.319063
1 0.007998 0.645430 0.014863 0.182422
7 0.974155 0.565664 0.002041 0.096484
7 0.977603 0.559375 0.002764 0.109844
1 0.864507 0.518086 0.046904 0.307578
1 0.031084 0.638750 0.020156 0.181406
7 0.294468 0.704063 0.005771 0.158125
1 0.488652 0.579258 0.007422 0.088203
