1 0.528193 0.581406 0.009766 0.097969
1 0.516313 0.623906 0.014189 0.114375
1 0.707559 0.510977 0.014727 0.097891
1 0.553667 0.747969 0.035459 0.296719
1 0.493154 0.624141 0.019707 0.150625
7 0.020552 0.599531 0.005654 0.140312
7 0.197129 0.777969 0.013711 0.365938
1 0.021992 0.596641 0.015449 0.112969
7 0.753091 0.468633 0.004248 0.082578
7 0.464966 0.643945 0.005693 0.131641
5 0.842573 0.824961 0.016787 0.350078
5 0.831572 0.839414 0.014160 0.316641
5 0.819424 0.831055 0.013945 0.337891
5 0.801128 0.831953 0.010732 0.335625
5 0.785967 0.826484 0.011777 0.336875
5 0.772002 0.832422 0.015449 0.335156
5 0.755742 0.827227 0.011816 0.338828
5 0.741792 0.828867 0.011826 0.342266
5 0.727803 0.829023 0.011328 0.341953
5 0.710176 0.832539 0.015664 0.332734
7 0.865210 0.455430 0.004248 0.113359
8 0.431963 0.699844 0.007949 0.196875
5 0.432246 0.747422 0.009727 0.093594
5 0.698242 0.828672 0.016895 0.342656
6 0.862383 0.801523 0.018086 0.387578
8 0.405337 0.722500 0.008682 0.305625
