1 0.102559 0.805000 0.085820 0.387187
1 0.044683 0.724063 0.034482 0.312656
1 0.055596 0.587969 0.017012 0.215469
7 0.010039 0.523984 0.002695 0.055469
3 0.205952 0.519258 0.286709 0.960703
1 0.273428 0.895664 0.121016 0.208672
7 0.353945 0.476016 0.003398 0.105000
2 0.421606 0.450820 0.050537 0.331172
1 0.586382 0.644219 0.024639 0.158438
2 0.497388 0.504844 0.037061 0.235625
1 0.601313 0.644297 0.016494 0.102656
7 0.592969 0.179688 0.002930 0.051563
7 0.852700 0.116602 0.006318 0.168984
7 0.966313 0.688984 0.008545 0.331875
7 0.886353 0.846836 0.010088 0.285078
7 0.896689 0.756563 0.011133 0.486875
