1 0.734360 0.569609 0.015732 0.104062
1 0.769834 0.444258 0.007500 0.075859
1 0.661802 0.672305 0.041670 0.291016
1 0.992568 0.571016 0.008828 0.068594
1 0.848081 0.462891 0.011006 0.076250
1 0.863721 0.465234 0.011230 0.061719
1 0.813164 0.468203 0.009180 0.058594
2 0.522285 0.555977 0.008809 0.097422
1 0.985156 0.518203 0.009766 0.072812
1 0.824229 0.469180 0.009043 0.063203
1 0.882266 0.462227 0.013438 0.063828
1 0.832222 0.475273 0.006709 0.065078
1 0.838638 0.463398 0.008604 0.072891
1 0.715103 0.505820 0.014580 0.121328
