1 0.046738 0.600195 0.012227 0.079922
2 0.340625 0.547773 0.140625 0.904453
1 0.031553 0.572852 0.008223 0.076953
1 0.066089 0.701523 0.027979 0.215547
1 0.492241 0.578828 0.005420 0.061094
7 0.533018 0.574375 0.002930 0.096562
7 0.529912 0.577734 0.002344 0.103281
1 0.005664 0.647227 0.011660 0.212422
1 0.465991 0.701484 0.024365 0.272500
1 0.152314 0.847148 0.134277 0.271797
7 0.969790 0.561680 0.003838 0.175391
7 0.973037 0.562773 0.004707 0.192109
7 0.983882 0.503477 0.003174 0.078828
7 0.061357 0.595117 0.003496 0.124609
1 0.481899 0.616406 0.011357 0.116250
