1 0.043525 0.547383 0.020937 0.146016
2 0.629438 0.585430 0.032646 0.153984
1 0.644185 0.642813 0.021982 0.055312
1 0.995498 0.607187 0.008789 0.377500
1 0.541680 0.642109 0.028164 0.188594
5 0.530371 0.582031 0.008789 0.059375
5 0.527217 0.550039 0.009863 0.064141
5 0.418735 0.509102 0.015654 0.077266
1 0.337524 0.521875 0.027100 0.134375
7 0.319556 0.521250 0.006396 0.107500
5 0.440527 0.475469 0.012031 0.063281
1 0.008301 0.609492 0.016602 0.355859
1 0.283867 0.522461 0.021836 0.100391
1 0.226831 0.538711 0.027529 0.102422
