1 0.475767 0.592305 0.008174 0.059609
7 0.456602 0.614727 0.004473 0.124922
7 0.587158 0.679063 0.007090 0.243125
7 0.056963 0.556406 0.005273 0.126562
8 0.960640 0.542188 0.008428 0.167656
7 0.654575 0.503984 0.003311 0.094844
7 0.668203 0.473867 0.003145 0.089453
7 0.960200 0.593086 0.008389 0.083828
5 0.811938 0.631016 0.012842 0.107344
8 0.945620 0.541797 0.006221 0.235000
5 0.847515 0.669180 0.015693 0.146797
6 0.945850 0.612656 0.006543 0.109687
8 0.764497 0.513750 0.003369 0.079531
1 0.494932 0.626875 0.011250 0.103594
1 0.006504 0.530430 0.010625 0.093672
