1 0.406934 0.810195 0.050195 0.365547
1 0.473145 0.670898 0.011719 0.103516
1 0.350957 0.872227 0.050137 0.290547
1 0.487886 0.669453 0.015127 0.160469
1 0.008833 0.760430 0.017295 0.344766
1 0.509082 0.654141 0.012500 0.194844
1 0.165698 0.869922 0.072412 0.260156
1 0.037539 0.704141 0.023672 0.224688
1 0.005947 0.581055 0.011250 0.090859
1 0.019038 0.568242 0.009307 0.085703
2 0.078633 0.594648 0.042930 0.550234
7 0.795483 0.727734 0.015283 0.544531
7 0.918828 0.694023 0.012539 0.443516
7 0.719399 0.694922 0.018799 0.602031
7 0.612021 0.797656 0.026543 0.404687
1 0.178032 0.659336 0.022061 0.181328
3 0.039702 0.527266 0.014111 0.138906
7 0.270615 0.835977 0.006523 0.299297
1 0.455630 0.816016 0.042393 0.361250
