1 0.563457 0.523086 0.019414 0.124922
1 0.632104 0.518437 0.012607 0.077656
1 0.248911 0.555430 0.011865 0.065078
1 0.484863 0.799531 0.053184 0.400937
2 0.404077 0.435547 0.042686 0.232031
1 0.335991 0.552539 0.022275 0.117891
1 0.289800 0.558516 0.013818 0.086875
1 0.291372 0.544922 0.011748 0.062656
1 0.299390 0.550391 0.013896 0.085781
3 0.272715 0.514883 0.024785 0.116016
1 0.271621 0.524766 0.013125 0.074688
7 0.652046 0.561211 0.005830 0.111953
7 0.658389 0.553008 0.006094 0.102422
7 0.008071 0.560742 0.003818 0.126797
7 0.582266 0.516875 0.003906 0.071875
7 0.459893 0.526484 0.005078 0.120313
7 0.466396 0.527109 0.005664 0.117188
7 0.471572 0.524375 0.004102 0.114844
7 0.475527 0.521641 0.003027 0.112500
7 0.489639 0.526719 0.005859 0.116406
7 0.450293 0.522578 0.005664 0.114062
