1 0.982803 0.632500 0.019629 0.114063
1 0.990195 0.606445 0.019609 0.119922
7 0.147842 0.684023 0.005605 0.184297
7 0.175410 0.591133 0.006543 0.168516
7 0.181221 0.591367 0.006523 0.171484
7 0.245073 0.669180 0.004795 0.103828
7 0.252563 0.662852 0.004326 0.099297
7 0.772466 0.637539 0.008369 0.260859
7 0.765342 0.635820 0.006914 0.265703
7 0.758838 0.626133 0.007832 0.233672
7 0.852310 0.755820 0.016475 0.488359
6 0.713799 0.788086 0.008262 0.274609
6 0.944292 0.840156 0.013174 0.319688
6 0.724541 0.714883 0.006582 0.202891
6 0.730259 0.687891 0.005537 0.168906
6 0.843569 0.868711 0.007119 0.262578
6 0.839023 0.870664 0.005859 0.256016
6 0.831885 0.867422 0.007129 0.265156
6 0.813545 0.846914 0.016797 0.306172
