1 0.148354 0.605742 0.012002 0.055234
1 0.413472 0.634648 0.019326 0.101016
7 0.927539 0.771094 0.017969 0.452187
7 0.537563 0.739453 0.008779 0.272031
7 0.709429 0.774414 0.020205 0.451172
7 0.523535 0.628398 0.004668 0.156328
7 0.514829 0.588359 0.002627 0.072812
7 0.521357 0.598828 0.004687 0.114844
1 0.245259 0.656992 0.019795 0.126016
1 0.034834 0.631523 0.016152 0.172109
1 0.004927 0.566094 0.008115 0.071250
1 0.484331 0.671211 0.015439 0.140859
1 0.342627 0.925898 0.084219 0.148203
2 0.016162 0.485391 0.011035 0.195781
