2 0.057671 0.604688 0.062197 0.782813
1 0.437510 0.842617 0.055059 0.314766
1 0.476040 0.754336 0.021396 0.182891
1 0.487788 0.658203 0.008799 0.073906
7 0.252231 0.806211 0.011084 0.379609
7 0.104155 0.681797 0.007842 0.248906
1 0.012344 0.794336 0.024121 0.399766
1 0.984668 0.601094 0.019355 0.213125
3 0.756377 0.501680 0.391855 0.996641
1 0.521792 0.665742 0.016318 0.125547
3 0.513120 0.556328 0.009268 0.162500
1 0.502344 0.752305 0.023789 0.234453
2 0.502285 0.558477 0.011406 0.145547
1 0.994141 0.845586 0.011719 0.308828
