1 0.012827 0.774375 0.024658 0.456094
1 0.079248 0.575937 0.016113 0.109687
1 0.162261 0.622188 0.009072 0.086875
1 0.992803 0.463477 0.008047 0.053203
1 0.489907 0.572891 0.005107 0.051406
1 0.517085 0.537773 0.007080 0.035078
1 0.493750 0.562734 0.005859 0.038281
1 0.628882 0.528203 0.018779 0.125938
1 0.043853 0.707070 0.040498 0.430391
1 0.511030 0.559727 0.005928 0.050703
7 0.541807 0.755391 0.010254 0.357500
7 0.510923 0.762383 0.010771 0.383047
7 0.331035 0.702578 0.007656 0.156563
7 0.659863 0.520508 0.006191 0.109141
1 0.089707 0.803906 0.067754 0.383125
7 0.565151 0.558555 0.003428 0.114922
7 0.561504 0.552930 0.003066 0.133984
1 0.151455 0.647695 0.017207 0.114141
1 0.133418 0.596953 0.021426 0.128281
1 0.111577 0.603867 0.023936 0.060859
1 0.098140 0.583672 0.017217 0.101094
1 0.238203 0.898555 0.124570 0.202891
1 0.996045 0.734648 0.007910 0.497422
2 0.481729 0.542344 0.012031 0.141563
