1 0.710596 0.669023 0.009883 0.094141
1 0.409424 0.780078 0.013379 0.141406
7 0.527305 0.810234 0.019043 0.376094
7 0.965493 0.533359 0.005596 0.199531
8 0.591006 0.664922 0.008496 0.225781
5 0.591333 0.729375 0.010303 0.175469
1 0.735347 0.793164 0.013115 0.139297
1 0.753564 0.601406 0.005566 0.056250
1 0.527231 0.640781 0.013369 0.087344
1 0.510723 0.623594 0.008984 0.051563
1 0.718184 0.628672 0.007227 0.063906
1 0.725996 0.636562 0.006641 0.060625
1 0.733286 0.628359 0.005752 0.060937
1 0.740981 0.629648 0.006338 0.059609
1 0.748252 0.631133 0.005488 0.051172
1 0.362852 0.705469 0.080605 0.589063
1 0.771826 0.770117 0.018184 0.193672
3 0.007080 0.484375 0.008887 0.128125
7 0.943315 0.582656 0.009287 0.340000
7 0.949624 0.558945 0.007783 0.272734
