1 0.457344 0.542148 0.023281 0.153047
1 0.595898 0.641016 0.018574 0.112656
1 0.455000 0.522539 0.018203 0.119766
1 0.474976 0.529727 0.017627 0.112578
7 0.867812 0.876719 0.004668 0.246563
3 0.335015 0.383203 0.009600 0.144531
1 0.354644 0.439688 0.011455 0.071250
8 0.920278 0.319570 0.002666 0.067109
7 0.578838 0.230273 0.004648 0.056172
1 0.013906 0.579570 0.010039 0.070078
1 0.332520 0.884766 0.116797 0.230469
1 0.109399 0.810586 0.093115 0.363359
7 0.399136 0.647227 0.010283 0.349922
7 0.083730 0.514141 0.004863 0.131094
7 0.128984 0.477461 0.005059 0.161328
7 0.136816 0.512617 0.004102 0.210234
7 0.097612 0.503242 0.004775 0.129453
7 0.874697 0.761406 0.017852 0.470625
3 0.038086 0.497656 0.032422 0.281250
1 0.536787 0.625859 0.026484 0.144062
