1 0.014824 0.774531 0.028809 0.427031
1 0.079248 0.575937 0.016113 0.109687
1 0.162261 0.622188 0.009072 0.086875
1 0.995693 0.472969 0.007539 0.060000
1 0.486978 0.582109 0.004717 0.060469
1 0.509419 0.538320 0.007080 0.035078
1 0.493496 0.563516 0.005859 0.038281
1 0.628291 0.526992 0.017637 0.125859
1 0.044971 0.707734 0.043613 0.436406
1 0.513682 0.557031 0.004707 0.035156
7 0.554351 0.701016 0.008623 0.317344
7 0.528608 0.752930 0.011143 0.370703
7 0.324595 0.681875 0.007490 0.137813
7 0.667734 0.516953 0.005156 0.044844
1 0.091929 0.806055 0.065889 0.383516
7 0.568853 0.576836 0.003428 0.116484
7 0.565083 0.572461 0.003330 0.144609
1 0.151455 0.647695 0.017207 0.114141
1 0.133418 0.596953 0.021426 0.128281
1 0.111577 0.603867 0.023936 0.060859
1 0.098140 0.583672 0.017217 0.101094
1 0.238203 0.898555 0.124570 0.202891
1 0.995610 0.808359 0.008779 0.378594
2 0.478174 0.549102 0.013809 0.161484
