5 0.550088 0.651094 0.011230 0.096875
1 0.045742 0.807852 0.042891 0.384297
1 0.113662 0.707148 0.023691 0.158984
1 0.152476 0.634492 0.020693 0.141797
7 0.390498 0.651992 0.003516 0.147578
1 0.391489 0.849180 0.057783 0.301641
1 0.464385 0.779883 0.023906 0.289766
1 0.471450 0.623906 0.010049 0.082969
1 0.459033 0.604844 0.009453 0.067500
3 0.995454 0.556719 0.009092 0.167812
1 0.984180 0.601055 0.009375 0.097891
7 0.880845 0.586914 0.007725 0.143516
7 0.875161 0.598789 0.005791 0.153984
7 0.868877 0.611758 0.007285 0.249922
5 0.609028 0.683242 0.015420 0.188047
5 0.591670 0.672031 0.013437 0.130938
5 0.573838 0.667969 0.015000 0.135625
