1 0.058838 0.825000 0.060059 0.350000
1 0.451060 0.698984 0.038506 0.208906
2 0.079834 0.581680 0.028418 0.182578
1 0.019985 0.602148 0.016631 0.089297
1 0.604170 0.662578 0.043027 0.245000
7 0.514795 0.552812 0.002148 0.050000
7 0.482007 0.611211 0.005361 0.137422
7 0.742813 0.479258 0.003027 0.103203
7 0.998145 0.596562 0.003711 0.128906
7 0.959863 0.552852 0.002148 0.089922
7 0.972627 0.560664 0.002500 0.083047
8 0.977686 0.642148 0.007129 0.175547
5 0.978047 0.712070 0.006914 0.170234
1 0.543862 0.628359 0.043154 0.282813
7 0.666890 0.698789 0.014854 0.418047
7 0.531514 0.793828 0.016348 0.412344
7 0.938184 0.555547 0.003555 0.119531
7 0.042080 0.615117 0.005898 0.147891
7 0.014307 0.599180 0.004121 0.127109
7 0.398955 0.708125 0.005195 0.245625
7 0.482827 0.601680 0.002920 0.109141
7 0.753228 0.470078 0.003135 0.092344
5 0.847183 0.436680 0.004150 0.041953
8 0.847217 0.402617 0.002637 0.076484
