1 0.015078 0.776055 0.030156 0.446328
1 0.003521 0.489219 0.006650 0.100313
1 0.313140 0.643711 0.009951 0.050078
1 0.079248 0.575937 0.016113 0.109687
1 0.162261 0.622188 0.009072 0.086875
1 0.485659 0.587031 0.007002 0.061875
1 0.499238 0.552578 0.006543 0.038281
1 0.493496 0.563516 0.005859 0.038281
1 0.628311 0.528320 0.017598 0.126484
1 0.044570 0.703086 0.041738 0.424922
7 0.561528 0.697227 0.008389 0.255547
7 0.554199 0.726953 0.010742 0.338281
7 0.316343 0.650195 0.004053 0.069609
1 0.091211 0.802656 0.065781 0.387188
7 0.580571 0.586172 0.003428 0.120625
7 0.577832 0.587891 0.003320 0.139844
1 0.151455 0.647695 0.017207 0.114141
1 0.133418 0.596953 0.021426 0.128281
1 0.111577 0.603867 0.023936 0.060859
1 0.098140 0.583672 0.017217 0.101094
1 0.238203 0.898555 0.124570 0.202891
1 0.996289 0.801641 0.007422 0.357969
2 0.473970 0.561523 0.016709 0.197266
