1 0.721191 0.684531 0.009180 0.087812
1 0.324658 0.892578 0.070410 0.214844
1 0.102700 0.627344 0.101436 0.745313
1 0.395776 0.834648 0.019404 0.193516
2 0.104507 0.612852 0.119814 0.694297
7 0.679272 0.766445 0.020557 0.467109
7 0.973345 0.428750 0.005479 0.130469
7 0.324707 0.727656 0.009551 0.185312
8 0.588584 0.657617 0.005996 0.084141
5 0.588574 0.697734 0.005859 0.065937
1 0.751709 0.778594 0.013125 0.139375
1 0.760713 0.593320 0.005488 0.039141
1 0.503882 0.699063 0.010693 0.074219
3 0.387734 0.673086 0.040273 0.266172
1 0.726660 0.629648 0.006445 0.046328
1 0.733970 0.632656 0.006826 0.049219
1 0.748979 0.775664 0.013975 0.148203
1 0.749053 0.619258 0.006445 0.050234
1 0.756084 0.619961 0.005469 0.049453
1 0.741694 0.624023 0.005967 0.057266
1 0.727041 0.629844 0.007227 0.080000
1 0.733916 0.633672 0.006641 0.070312
1 0.741572 0.627422 0.005273 0.062500
1 0.748896 0.622969 0.007324 0.066406
1 0.755869 0.622422 0.005859 0.064844
1 0.788574 0.731680 0.017520 0.195703
7 0.961211 0.460625 0.007285 0.234688
7 0.964492 0.441445 0.006172 0.214609
