1 0.441714 0.561211 0.017139 0.112109
1 0.504878 0.559492 0.019893 0.137109
1 0.375283 0.619219 0.021270 0.122500
1 0.378149 0.601055 0.014502 0.093672
1 0.483838 0.538438 0.015645 0.087813
7 0.278354 0.833750 0.007393 0.293594
1 0.501401 0.863633 0.058857 0.272734
1 0.480674 0.755508 0.025039 0.265234
1 0.346831 0.622188 0.012354 0.091250
1 0.016758 0.800508 0.033516 0.398984
7 0.222686 0.653242 0.002227 0.072734
7 0.230679 0.656094 0.001963 0.069531
1 0.387432 0.596953 0.016504 0.119844
7 0.111812 0.553594 0.002354 0.064844
1 0.988726 0.800234 0.022549 0.399531
