1 0.488188 0.538047 0.013467 0.090000
1 0.387329 0.480156 0.013701 0.079531
1 0.456753 0.775039 0.031670 0.282266
1 0.075732 0.814492 0.061230 0.371016
7 0.394736 0.584023 0.006445 0.187266
7 0.108125 0.557227 0.005449 0.162891
7 0.173447 0.521680 0.006699 0.206641
7 0.194663 0.554609 0.004072 0.228594
7 0.129629 0.537266 0.007285 0.167656
7 0.618555 0.760625 0.009766 0.478750
1 0.440166 0.487891 0.016191 0.089063
1 0.544092 0.595625 0.018652 0.100469
1 0.538804 0.568516 0.017021 0.089844
3 0.023491 0.508437 0.015693 0.191875
1 0.414331 0.505586 0.015107 0.076641
7 0.936016 0.402813 0.001328 0.076406
