1 0.044136 0.624766 0.013896 0.125625
1 0.018242 0.559336 0.011113 0.076953
1 0.007124 0.526094 0.007295 0.057969
3 0.151040 0.658398 0.139854 0.526328
1 0.993750 0.808516 0.012500 0.382969
3 0.432666 0.657891 0.009473 0.328281
1 0.907056 0.485156 0.015596 0.091406
1 0.458774 0.852422 0.037041 0.253281
1 0.015234 0.806484 0.029688 0.376563
1 0.062817 0.678711 0.023115 0.218516
1 0.115308 0.807461 0.062217 0.359297
7 0.754922 0.723125 0.015723 0.543125
2 0.347129 0.572031 0.159570 0.854531
1 0.505029 0.778398 0.039102 0.443203
1 0.477754 0.783750 0.015586 0.138750
