7 0.799849 0.890625 0.014072 0.215937
1 0.364663 0.457617 0.012959 0.077422
7 0.953330 0.449414 0.002852 0.052422
1 0.559194 0.568594 0.013389 0.064219
1 0.580566 0.576445 0.014434 0.062734
1 0.414185 0.847578 0.074658 0.304844
1 0.106543 0.821914 0.088672 0.350078
7 0.388701 0.614023 0.007324 0.256328
7 0.092129 0.534883 0.004863 0.131016
7 0.143921 0.518945 0.005068 0.206641
7 0.156162 0.538203 0.004062 0.228594
7 0.108760 0.530742 0.006562 0.140703
7 0.780669 0.758203 0.016494 0.483594
1 0.542285 0.569609 0.015820 0.087656
3 0.026621 0.509102 0.021270 0.219297
1 0.451665 0.548711 0.021611 0.111328
