1 0.493389 0.752656 0.024043 0.254219
8 0.378184 0.684297 0.007227 0.119531
5 0.378154 0.793398 0.007539 0.138516
7 0.391133 0.744297 0.006113 0.253437
1 0.710674 0.760430 0.013125 0.156797
1 0.696133 0.626875 0.012109 0.100938
1 0.743945 0.580078 0.005566 0.056250
1 0.513633 0.631875 0.016719 0.138594
1 0.707178 0.599414 0.007012 0.063672
1 0.714429 0.600742 0.006592 0.063516
1 0.721963 0.602930 0.005273 0.060391
1 0.729805 0.597578 0.007324 0.066406
1 0.736592 0.601875 0.005859 0.064844
1 0.424653 0.671797 0.023975 0.342031
1 0.748301 0.743906 0.014609 0.198281
3 0.080176 0.598437 0.127734 0.803125
7 0.771875 0.655938 0.018555 0.677500
7 0.929595 0.655430 0.009990 0.311172
7 0.869058 0.699180 0.016260 0.594297
2 0.007471 0.511328 0.009473 0.141406
3 0.451387 0.550703 0.034746 0.126875
