1 0.994585 0.628164 0.009717 0.246953
7 0.717295 0.702969 0.015664 0.583906
7 0.631997 0.756211 0.014268 0.476797
7 0.969697 0.577930 0.004375 0.134297
7 0.925850 0.659609 0.006758 0.332187
3 0.548760 0.508008 0.062715 0.365547
2 0.499351 0.587617 0.019639 0.116797
2 0.003462 0.620898 0.005947 0.272422
7 0.143672 0.663516 0.007031 0.210000
5 0.117974 0.660859 0.011787 0.109219
5 0.088770 0.620430 0.010488 0.078516
7 0.445449 0.592695 0.003633 0.113516
7 0.371382 0.627930 0.004443 0.135391
7 0.435469 0.600234 0.004023 0.096719
7 0.407251 0.606914 0.002334 0.098203
