8 0.472241 0.638164 0.003975 0.123203
5 0.472295 0.681406 0.003965 0.080000
1 0.017173 0.781094 0.034346 0.437813
3 0.058203 0.549883 0.018203 0.176172
1 0.059810 0.758594 0.027393 0.279531
1 0.099854 0.836250 0.074316 0.327500
7 0.203906 0.592852 0.003496 0.092578
1 0.319141 0.918086 0.094531 0.163828
1 0.428125 0.785586 0.068555 0.428828
1 0.504482 0.830078 0.034648 0.339844
8 0.565156 0.691641 0.006797 0.270938
5 0.566836 0.752344 0.015449 0.141406
8 0.550591 0.674609 0.006689 0.219063
7 0.702388 0.620703 0.002959 0.094531
