7 0.404687 0.560156 0.005469 0.215625
7 0.665317 0.510156 0.003096 0.096875
1 0.674805 0.509766 0.002148 0.052344
1 0.681494 0.510156 0.003809 0.048438
1 0.647998 0.467969 0.012012 0.065625
1 0.819180 0.651875 0.007930 0.045937
1 0.966533 0.596602 0.015508 0.103828
5 0.939082 0.781914 0.006641 0.114922
7 0.938711 0.662187 0.004922 0.131250
7 0.906436 0.754766 0.006934 0.302969
7 0.977319 0.610078 0.001885 0.124687
7 0.533301 0.521953 0.004785 0.168438
7 0.538672 0.507734 0.004102 0.187656
1 0.490244 0.433359 0.006074 0.058125
1 0.373906 0.618398 0.020605 0.114922
1 0.399395 0.623125 0.019629 0.110156
1 0.421025 0.579375 0.012695 0.052344
