7 0.718105 0.375938 0.002539 0.085469
3 0.522852 0.558867 0.020508 0.124453
1 0.008306 0.731719 0.016611 0.258750
1 0.095557 0.788281 0.068066 0.423438
1 0.236577 0.883633 0.120811 0.232734
3 0.046890 0.548008 0.051592 0.662734
7 0.385513 0.845625 0.014775 0.308750
7 0.399062 0.915352 0.011836 0.164453
5 0.230908 0.580508 0.007793 0.142891
7 0.556577 0.624375 0.004463 0.175312
7 0.697349 0.526758 0.005791 0.164453
7 0.690386 0.587734 0.004971 0.197031
7 0.703179 0.469727 0.004717 0.138047
1 0.995684 0.688164 0.008633 0.297578
7 0.944526 0.685000 0.010479 0.277344
3 0.504248 0.553125 0.016895 0.250625
1 0.504331 0.746328 0.017529 0.226875
