1 0.979619 0.613555 0.027910 0.208984
7 0.081890 0.632188 0.008174 0.230000
7 0.111855 0.650586 0.006895 0.232891
7 0.115723 0.664805 0.008379 0.233672
7 0.337769 0.709727 0.008721 0.297422
7 0.811157 0.758047 0.012998 0.466562
7 0.347773 0.665977 0.008105 0.267109
7 0.119004 0.661953 0.007617 0.229688
5 0.985103 0.682852 0.014424 0.184141
7 0.951045 0.646953 0.011113 0.234531
7 0.931743 0.653906 0.007646 0.217187
8 0.911802 0.636875 0.007842 0.198750
7 0.880342 0.620781 0.006328 0.155625
7 0.870947 0.623750 0.006152 0.188125
7 0.803188 0.690273 0.008447 0.306953
1 0.459180 0.702187 0.017949 0.185469
7 0.974219 0.629336 0.007539 0.194609
