1 0.985605 0.539336 0.009824 0.114141
1 0.973535 0.628242 0.020820 0.234453
1 0.961143 0.572148 0.013906 0.128203
1 0.377798 0.911250 0.076045 0.177500
1 0.474702 0.675703 0.015068 0.139219
1 0.488765 0.584688 0.006475 0.072500
3 0.009873 0.453984 0.006016 0.072500
3 0.015137 0.460039 0.006602 0.096797
1 0.009497 0.497383 0.004502 0.045391
1 0.005181 0.480781 0.004326 0.027969
1 0.011494 0.809141 0.022988 0.381719
1 0.992056 0.785156 0.015889 0.384531
1 0.016519 0.544336 0.009521 0.060859
1 0.523218 0.620352 0.014111 0.174141
1 0.504810 0.833867 0.039795 0.332266
1 0.505825 0.631445 0.018643 0.104766
1 0.026069 0.598516 0.015967 0.138906
1 0.629653 0.761250 0.119658 0.477500
1 0.515527 0.543398 0.006445 0.068047
1 0.050156 0.722305 0.033359 0.268828
