1 0.167529 0.604492 0.008711 0.055391
1 0.997559 0.479648 0.004883 0.068203
1 0.046782 0.799141 0.046377 0.392500
1 0.097988 0.618945 0.014238 0.151172
1 0.113232 0.625078 0.016758 0.154219
1 0.132822 0.660234 0.019922 0.154687
1 0.153882 0.659531 0.021572 0.169531
1 0.178232 0.713047 0.025527 0.212969
1 0.201016 0.738203 0.020469 0.193906
1 0.230112 0.656055 0.011943 0.103672
1 0.215659 0.662305 0.008506 0.081016
1 0.500532 0.826562 0.037979 0.332344
1 0.452827 0.761133 0.040342 0.386641
1 0.378145 0.668906 0.017715 0.131406
7 0.583413 0.697227 0.008018 0.288828
1 0.609243 0.511680 0.018389 0.098828
7 0.585127 0.526133 0.003359 0.090703
7 0.378228 0.673242 0.004268 0.163047
7 0.613755 0.516133 0.003271 0.069766
1 0.180215 0.582539 0.008750 0.076484
8 0.849316 0.163047 0.010508 0.130937
3 0.985054 0.456133 0.008721 0.109297
1 0.474937 0.605391 0.009229 0.042969
