1 0.429497 0.731094 0.035342 0.334062
1 0.067285 0.660781 0.019863 0.182813
1 0.396592 0.777891 0.030254 0.244219
1 0.007163 0.645234 0.013838 0.222656
1 0.038643 0.613477 0.013633 0.131641
1 0.488857 0.611836 0.010176 0.111172
1 0.469673 0.739766 0.030986 0.309844
1 0.095186 0.676719 0.025449 0.192969
1 0.325254 0.821992 0.042891 0.237734
7 0.546235 0.655156 0.006689 0.208594
7 0.540991 0.652695 0.007881 0.208359
7 0.952852 0.557656 0.007773 0.228906
3 0.050811 0.536875 0.019863 0.190313
1 0.162095 0.808086 0.065381 0.372109
1 0.168623 0.707500 0.014512 0.122969
1 0.183716 0.705820 0.011963 0.106641
1 0.200210 0.698711 0.011240 0.094453
7 0.397012 0.647734 0.005488 0.071719
1 0.020146 0.609531 0.011367 0.105781
1 0.495537 0.584766 0.006582 0.075156
