1 0.079561 0.595352 0.012852 0.072734
8 0.190044 0.753125 0.008682 0.314063
5 0.190059 0.835586 0.017012 0.189141
7 0.440205 0.659102 0.004238 0.144297
7 0.472808 0.611016 0.003467 0.093906
7 0.466006 0.624062 0.003672 0.098750
7 0.463613 0.634531 0.003867 0.115000
7 0.543511 0.617070 0.004385 0.144453
7 0.539346 0.619063 0.003691 0.140000
7 0.533540 0.609727 0.003877 0.124141
1 0.962559 0.778281 0.036934 0.359062
5 0.869282 0.649453 0.011240 0.149531
1 0.018379 0.805000 0.036758 0.390000
1 0.005254 0.570977 0.009961 0.099922
7 0.114136 0.694922 0.006123 0.246406
1 0.022715 0.616406 0.017461 0.130312
1 0.509043 0.841914 0.040840 0.316172
1 0.520986 0.622695 0.010117 0.082578
1 0.505215 0.656641 0.016504 0.126719
5 0.918369 0.607695 0.011816 0.123984
5 0.911768 0.609141 0.010547 0.110781
5 0.896006 0.620977 0.013262 0.139297
