1 0.010117 0.538828 0.013535 0.130312
1 0.254014 0.782812 0.117578 0.424687
1 0.006113 0.548047 0.010937 0.110781
1 0.489644 0.613516 0.010264 0.089063
1 0.476143 0.657578 0.016426 0.160937
2 0.028936 0.501602 0.026270 0.496484
1 0.714175 0.432344 0.007783 0.115000
7 0.931768 0.755703 0.012168 0.402656
7 0.981104 0.573438 0.006348 0.159375
7 0.558208 0.710586 0.009131 0.232734
7 0.540034 0.660117 0.004893 0.173047
8 0.420264 0.712383 0.009277 0.222109
1 0.060781 0.565977 0.011641 0.083516
1 0.070405 0.582773 0.009678 0.078984
1 0.092627 0.585703 0.017285 0.154688
1 0.098174 0.618789 0.014863 0.128516
1 0.126382 0.649492 0.019443 0.150547
1 0.146904 0.672070 0.021660 0.148828
