1 0.710439 0.667461 0.009941 0.096953
7 0.432036 0.813555 0.016396 0.372422
7 0.960186 0.550859 0.005859 0.184219
8 0.492144 0.763594 0.030459 0.278594
5 0.491411 0.950742 0.029697 0.098516
7 0.360522 0.695156 0.006865 0.219375
1 0.734360 0.788242 0.013115 0.139297
1 0.752842 0.604141 0.005566 0.056250
1 0.521289 0.677930 0.011914 0.135547
1 0.597813 0.579180 0.010801 0.062109
1 0.717666 0.621523 0.007227 0.074766
1 0.725381 0.630273 0.006641 0.066797
1 0.732637 0.625156 0.005762 0.062969
1 0.740381 0.625898 0.006895 0.056641
1 0.747568 0.626016 0.005703 0.059219
1 0.401860 0.718633 0.033115 0.439141
1 0.771987 0.764766 0.017979 0.197344
3 0.013306 0.494805 0.017490 0.196172
7 0.924473 0.628242 0.012871 0.481797
7 0.938701 0.593320 0.009238 0.316016
2 0.004395 0.483203 0.006445 0.107031
