8 0.427290 0.658398 0.005693 0.182734
5 0.427476 0.709258 0.007178 0.099297
7 0.468120 0.622773 0.003877 0.109453
5 0.780322 0.704102 0.009609 0.215234
1 0.015059 0.792578 0.030117 0.414844
1 0.052915 0.592930 0.019053 0.123516
7 0.255698 0.802422 0.011045 0.390000
1 0.041982 0.737578 0.032168 0.299375
1 0.508682 0.812148 0.030469 0.333516
1 0.522227 0.613008 0.010117 0.082578
1 0.508633 0.619258 0.012402 0.092266
7 0.964927 0.552578 0.004072 0.129531
5 0.879331 0.635039 0.014326 0.164297
5 0.864438 0.663438 0.018369 0.168906
5 0.827847 0.689258 0.011924 0.168828
