1 0.505752 0.597812 0.008945 0.075000
1 0.181201 0.817109 0.057559 0.333906
1 0.033662 0.577500 0.013594 0.106719
1 0.069995 0.587734 0.009932 0.078281
1 0.285137 0.682852 0.015117 0.113672
7 0.427554 0.688125 0.006025 0.142031
1 0.387666 0.857812 0.088281 0.237031
1 0.105273 0.616836 0.030273 0.178984
7 0.202695 0.732812 0.008262 0.239062
7 0.440073 0.670000 0.006611 0.134687
7 0.721313 0.737109 0.024619 0.439219
1 0.005996 0.571797 0.011133 0.144375
1 0.488579 0.639883 0.011006 0.111172
1 0.052939 0.745039 0.031699 0.297266
1 0.024683 0.589375 0.011377 0.096719
1 0.506455 0.733242 0.022188 0.241641
1 0.469043 0.769180 0.025430 0.232422
