1 0.485942 0.642656 0.012354 0.129531
3 0.481016 0.590469 0.015703 0.169063
7 0.718823 0.763594 0.014463 0.472812
7 0.649028 0.719336 0.010146 0.359766
8 0.665356 0.757852 0.009268 0.374922
1 0.597144 0.566328 0.022803 0.100156
1 0.927529 0.805625 0.070098 0.383125
1 0.509873 0.739141 0.019160 0.224687
1 0.013457 0.733320 0.026914 0.533359
1 0.499448 0.639531 0.007998 0.077031
1 0.466743 0.818828 0.030381 0.279844
1 0.456748 0.715625 0.016777 0.151562
1 0.607920 0.802344 0.080879 0.395312
1 0.970396 0.700273 0.023604 0.279141
