1 0.505557 0.609023 0.010000 0.077891
1 0.126401 0.710117 0.044814 0.293828
1 0.034116 0.565469 0.012705 0.101562
1 0.059614 0.559766 0.008330 0.064063
1 0.273970 0.664883 0.014404 0.106797
7 0.421104 0.700781 0.006777 0.160937
1 0.383418 0.855703 0.088281 0.237031
1 0.090991 0.597539 0.022021 0.147891
7 0.178066 0.706250 0.008262 0.239063
7 0.434927 0.678867 0.005303 0.130547
7 0.856538 0.754453 0.025791 0.491094
1 0.728721 0.470586 0.016934 0.096953
1 0.006245 0.563477 0.011084 0.142109
1 0.488838 0.641836 0.011055 0.112734
1 0.051089 0.735547 0.029736 0.278281
1 0.023491 0.574180 0.010420 0.088516
1 0.506108 0.740039 0.021299 0.230078
1 0.468887 0.771133 0.025430 0.232422
