1 0.982441 0.547734 0.016563 0.206094
1 0.437554 0.697539 0.021299 0.191641
7 0.521265 0.787148 0.018584 0.425703
7 0.591450 0.605508 0.007568 0.235078
1 0.005278 0.605938 0.010557 0.153750
1 0.415400 0.813242 0.051953 0.373516
1 0.778887 0.818125 0.145176 0.363750
7 0.926006 0.547891 0.010312 0.311250
1 0.914746 0.778438 0.086504 0.441719
8 0.948652 0.715820 0.014453 0.420703
1 0.988823 0.623320 0.022354 0.310391
1 0.458853 0.605547 0.015068 0.182500
1 0.469644 0.618281 0.013232 0.079375
1 0.472056 0.624102 0.012021 0.076953
