1 0.413413 0.794648 0.043447 0.348672
1 0.014399 0.569805 0.009717 0.080859
1 0.502119 0.632031 0.012305 0.124844
1 0.473071 0.702187 0.023076 0.229219
1 0.873262 0.487734 0.020020 0.104687
1 0.075469 0.734063 0.030020 0.274062
1 0.026636 0.625234 0.019170 0.160469
1 0.445107 0.834922 0.041660 0.327812
1 0.222539 0.783594 0.152715 0.432813
1 0.857437 0.451250 0.017295 0.101250
2 0.842671 0.418125 0.021240 0.129375
1 0.498887 0.865625 0.041855 0.268750
2 0.013120 0.484258 0.009170 0.128672
1 0.005767 0.527734 0.006924 0.050000
