7 0.862646 0.750000 0.015977 0.500000
7 0.892676 0.667813 0.010449 0.367500
7 0.918291 0.698438 0.009707 0.358594
7 0.807573 0.714883 0.010029 0.399922
7 0.900649 0.616875 0.008584 0.317344
7 0.924424 0.581523 0.005371 0.228672
7 0.845181 0.686953 0.014814 0.476719
7 0.952153 0.598125 0.008779 0.234844
3 0.449976 0.602227 0.042686 0.377891
1 0.398003 0.800664 0.095635 0.398672
1 0.478213 0.700117 0.017715 0.177734
1 0.508848 0.791250 0.034590 0.361563
1 0.015454 0.731484 0.031943 0.523438
7 0.825664 0.744727 0.016660 0.510547
3 0.973916 0.533516 0.035000 0.498750
