7 0.371567 0.819336 0.009893 0.328828
1 0.555962 0.589180 0.008076 0.095547
2 0.415898 0.500000 0.108750 1.000000
7 0.241948 0.819258 0.011865 0.361484
1 0.481455 0.704531 0.011660 0.119062
1 0.028730 0.630078 0.015352 0.163906
1 0.012305 0.799453 0.024687 0.396094
1 0.178066 0.687148 0.022656 0.225703
1 0.985566 0.599766 0.018262 0.207031
3 0.797451 0.501328 0.340801 0.997344
1 0.525747 0.680937 0.020713 0.141875
3 0.515898 0.557070 0.010273 0.180234
1 0.501699 0.758594 0.025254 0.289062
2 0.502168 0.549492 0.012246 0.149453
1 0.994141 0.845586 0.011719 0.308828
1 0.017100 0.556172 0.007988 0.065781
