1 0.326768 0.633320 0.022559 0.136328
7 0.240010 0.658047 0.004199 0.075781
7 0.556035 0.629961 0.009141 0.270703
1 0.547725 0.500742 0.014668 0.081172
1 0.344395 0.640937 0.015137 0.074063
7 0.596465 0.566602 0.005313 0.145078
7 0.610020 0.549570 0.005020 0.123516
1 0.603931 0.462734 0.009014 0.063281
1 0.485547 0.837773 0.039648 0.324453
1 0.429780 0.571250 0.020244 0.145000
1 0.338652 0.634453 0.020313 0.107812
1 0.472114 0.557070 0.022725 0.106797
1 0.381655 0.611445 0.020889 0.123047
1 0.369614 0.602930 0.023213 0.135234
1 0.986357 0.577539 0.024434 0.176172
8 0.410957 0.786875 0.020156 0.285000
5 0.411001 0.841328 0.020303 0.180937
