1 0.683687 0.939570 0.086729 0.144922
1 0.944268 0.783281 0.063711 0.428594
1 0.501211 0.626445 0.012930 0.108359
1 0.488726 0.609336 0.009502 0.083359
1 0.504585 0.614297 0.013779 0.107656
7 0.920874 0.583164 0.006396 0.141172
1 0.651948 0.637578 0.049385 0.204531
1 0.847627 0.887266 0.065352 0.183594
1 0.093882 0.648594 0.025439 0.138750
1 0.041577 0.631250 0.024580 0.188750
3 0.561128 0.528047 0.097646 0.875781
3 0.254883 0.578750 0.299121 0.837187
7 0.914355 0.575625 0.008066 0.141094
7 0.910410 0.602109 0.008789 0.218281
