7 0.924678 0.511875 0.004180 0.106250
8 0.965889 0.548438 0.005273 0.118750
3 0.727319 0.443398 0.027881 0.171172
7 0.618862 0.691641 0.009873 0.335938
8 0.545210 0.789062 0.017217 0.421875
1 0.512012 0.837500 0.041602 0.325000
1 0.600288 0.640391 0.029795 0.187656
7 0.672241 0.602422 0.009443 0.257969
1 0.690591 0.515117 0.015303 0.111953
1 0.657808 0.540234 0.022666 0.158906
1 0.632432 0.553984 0.026738 0.176094
1 0.578130 0.626562 0.019912 0.173438
7 0.749043 0.433398 0.003203 0.072891
1 0.523145 0.651680 0.033008 0.147734
7 0.419580 0.714141 0.007109 0.242969
1 0.121167 0.648672 0.010420 0.103281
