1 0.163975 0.599258 0.008711 0.055391
1 0.995483 0.467656 0.005264 0.054375
1 0.066353 0.818281 0.060986 0.358125
1 0.096055 0.611289 0.013398 0.151172
1 0.111616 0.621484 0.016318 0.154219
1 0.127944 0.653984 0.019561 0.152500
1 0.148672 0.650273 0.021270 0.165859
1 0.172290 0.705078 0.025361 0.208594
1 0.195518 0.726758 0.020664 0.189766
1 0.227236 0.656055 0.011953 0.103672
1 0.212090 0.657656 0.008496 0.080937
1 0.500723 0.826523 0.037461 0.331172
1 0.448667 0.781523 0.044717 0.408672
1 0.380977 0.674336 0.018496 0.133516
7 0.583228 0.695859 0.008018 0.288906
1 0.610430 0.516484 0.020762 0.108437
7 0.583389 0.527227 0.003359 0.090703
7 0.373047 0.679180 0.004395 0.167734
7 0.620918 0.519219 0.003281 0.071719
1 0.177241 0.573633 0.008760 0.076484
8 0.874399 0.185547 0.010498 0.130938
3 0.985898 0.446719 0.009082 0.115000
1 0.474424 0.617695 0.009238 0.056797
