1 0.092729 0.674219 0.021084 0.163438
2 0.480967 0.605547 0.013184 0.148438
1 0.443779 0.721641 0.019023 0.163750
1 0.373789 0.829805 0.065156 0.334766
8 0.210337 0.278359 0.005342 0.092656
5 0.211108 0.330117 0.009814 0.042734
1 0.501982 0.610508 0.010059 0.110078
1 0.080361 0.692656 0.031270 0.235938
1 0.014761 0.792695 0.028838 0.415547
1 0.503169 0.805820 0.037373 0.306484
7 0.724292 0.634414 0.014033 0.570078
7 0.751475 0.669531 0.017363 0.660937
1 0.034932 0.608242 0.011504 0.106172
7 0.104463 0.623437 0.006133 0.178281
7 0.063188 0.539453 0.005850 0.093438
