1 0.923877 0.437578 0.019238 0.137344
3 0.438149 0.664375 0.032744 0.318438
1 0.232783 0.807656 0.084375 0.408594
3 0.223013 0.610742 0.145537 0.637891
1 0.990269 0.501367 0.019463 0.142578
1 0.484492 0.625391 0.011973 0.110781
1 0.016006 0.597187 0.026855 0.234531
1 0.955898 0.522813 0.025195 0.142500
1 0.468218 0.781875 0.031729 0.277813
1 0.092788 0.828789 0.068955 0.323828
3 0.084590 0.544844 0.083828 0.492812
7 0.038779 0.486445 0.004922 0.100547
7 0.036655 0.475195 0.003975 0.103516
7 0.031709 0.487500 0.004746 0.101563
7 0.920083 0.718477 0.016338 0.491172
