1 0.051514 0.611875 0.012598 0.091875
1 0.097188 0.711406 0.029746 0.200625
1 0.368926 0.826836 0.038633 0.307266
2 0.216909 0.655703 0.023018 0.283906
1 0.459277 0.635469 0.013770 0.166250
7 0.355479 0.711094 0.004043 0.102812
8 0.339819 0.741328 0.004443 0.198594
7 0.196299 0.714375 0.004512 0.122031
5 0.339487 0.795508 0.010029 0.093359
7 0.534888 0.596484 0.001807 0.089844
1 0.079141 0.572695 0.013555 0.082734
1 0.795190 0.414453 0.008584 0.090781
1 0.032905 0.641641 0.017021 0.199219
2 0.478169 0.579297 0.023564 0.391406
1 0.013530 0.553633 0.006611 0.055078
1 0.495288 0.612773 0.006436 0.054141
