1 0.481016 0.795859 0.051992 0.408281
2 0.409048 0.427383 0.038701 0.237266
1 0.562842 0.533750 0.020898 0.106250
1 0.376670 0.570078 0.023555 0.136094
1 0.306729 0.553867 0.015156 0.085859
1 0.328364 0.560820 0.020361 0.101797
3 0.273804 0.513047 0.030518 0.135313
1 0.276563 0.543281 0.013125 0.084687
7 0.641714 0.568125 0.005830 0.112031
7 0.653486 0.540898 0.006113 0.102422
8 0.624902 0.514844 0.005469 0.053125
7 0.991846 0.590625 0.005371 0.179688
7 0.561006 0.518672 0.003906 0.071875
7 0.457197 0.529844 0.005078 0.120312
7 0.463936 0.528984 0.005664 0.117187
7 0.469424 0.524766 0.004102 0.114844
7 0.473340 0.524141 0.003027 0.112500
7 0.484834 0.526719 0.005859 0.116406
7 0.447529 0.524609 0.005664 0.114063
