3 0.006416 0.440312 0.012832 0.238906
1 0.153574 0.568398 0.008887 0.055391
7 0.562881 0.361797 0.002520 0.038906
1 0.242510 0.927930 0.106172 0.141484
1 0.084160 0.570273 0.010820 0.136328
1 0.097251 0.579453 0.012842 0.154062
1 0.113833 0.614219 0.017510 0.138125
1 0.132812 0.616641 0.020430 0.142656
1 0.151943 0.671836 0.023828 0.163516
1 0.173560 0.695742 0.023291 0.155391
1 0.199668 0.645820 0.008340 0.079141
1 0.503345 0.826016 0.030771 0.319063
1 0.441777 0.816133 0.054082 0.355547
1 0.039932 0.555469 0.022070 0.162344
7 0.544351 0.707852 0.008018 0.268672
1 0.618882 0.534492 0.021064 0.111172
7 0.534570 0.590078 0.003359 0.133750
7 0.358618 0.722422 0.005674 0.215156
1 0.166616 0.569258 0.008760 0.076484
3 0.993325 0.407813 0.013350 0.203125
1 0.470601 0.653945 0.008936 0.068047
