1 0.034111 0.567461 0.009102 0.082109
1 0.342959 0.650234 0.018730 0.166094
1 0.472939 0.614883 0.025859 0.144922
3 0.273174 0.596562 0.031582 0.142813
1 0.229346 0.876680 0.090547 0.272266
7 0.598032 0.623555 0.005830 0.245078
7 0.148950 0.744102 0.007764 0.281328
7 0.991602 0.472617 0.002188 0.040859
7 0.998120 0.472930 0.003643 0.044766
3 0.655220 0.447500 0.025811 0.119219
1 0.654902 0.483828 0.013613 0.062187
1 0.458604 0.571680 0.029512 0.154766
1 0.349956 0.641172 0.019775 0.137031
1 0.990078 0.568086 0.018789 0.171484
1 0.298550 0.633437 0.016436 0.099687
1 0.392935 0.602031 0.022354 0.138281
3 0.460288 0.563867 0.048389 0.210547
7 0.950591 0.723672 0.010303 0.349062
7 0.899131 0.742539 0.021270 0.497109
1 0.486753 0.860820 0.040928 0.274766
3 0.616855 0.489844 0.035254 0.182344
