1 0.468760 0.626797 0.012109 0.108281
7 0.441294 0.633125 0.005400 0.164062
7 0.662241 0.751836 0.009971 0.410078
7 0.043208 0.527734 0.004229 0.108437
7 0.689546 0.498906 0.003643 0.125625
7 0.690376 0.471797 0.003428 0.093594
5 0.898975 0.601484 0.012012 0.121719
5 0.864424 0.579648 0.011660 0.098203
5 0.898770 0.607344 0.011289 0.107187
6 0.959336 0.579414 0.003359 0.092891
7 0.952622 0.499609 0.004131 0.127344
8 0.959556 0.541797 0.005303 0.192969
7 0.785259 0.501016 0.003408 0.062188
1 0.484614 0.613203 0.010205 0.083125
