1 0.598931 0.642695 0.018564 0.116172
1 0.482666 0.606289 0.024551 0.154922
1 0.430811 0.539414 0.021816 0.134141
7 0.885337 0.844180 0.006221 0.268828
1 0.575479 0.653906 0.026055 0.139687
1 0.512866 0.575039 0.019814 0.130859
3 0.369922 0.433164 0.062695 0.264922
8 0.795283 0.087266 0.010918 0.173594
8 0.723711 0.099961 0.002852 0.172578
6 0.795928 0.125898 0.012246 0.086016
7 0.594448 0.180117 0.004795 0.056172
1 0.040117 0.704063 0.031445 0.280469
1 0.017593 0.589570 0.009424 0.074922
1 0.329219 0.424023 0.013105 0.097266
1 0.012256 0.553867 0.006094 0.041328
1 0.276514 0.884766 0.121191 0.230469
1 0.099854 0.813281 0.081738 0.369062
7 0.509175 0.796914 0.017197 0.413203
7 0.893994 0.759297 0.013184 0.474844
3 0.127603 0.501953 0.163799 0.992969
