1 0.493311 0.610430 0.007988 0.081797
1 0.486118 0.663555 0.012236 0.123359
1 0.042158 0.530664 0.011602 0.133203
1 0.197358 0.808711 0.086729 0.370547
1 0.435640 0.728867 0.027139 0.202891
1 0.506147 0.600781 0.011611 0.093437
1 0.178203 0.678242 0.014883 0.105703
1 0.264053 0.721484 0.014648 0.146875
1 0.156851 0.666016 0.022510 0.134219
1 0.471880 0.657305 0.011494 0.101016
1 0.068091 0.642930 0.019580 0.146953
1 0.509253 0.594180 0.008975 0.084766
7 0.533633 0.601484 0.004141 0.118281
1 0.418423 0.756133 0.027920 0.202734
1 0.026826 0.626133 0.021445 0.193672
1 0.504219 0.720703 0.018750 0.224687
1 0.355259 0.797422 0.123213 0.404219
3 0.004224 0.507734 0.008389 0.190312
2 0.015840 0.477891 0.010078 0.145625
