1 0.440869 0.737969 0.020371 0.203750
7 0.379375 0.675000 0.007656 0.090625
1 0.379966 0.832461 0.041396 0.266484
1 0.184287 0.800938 0.085723 0.392500
1 0.040933 0.595742 0.009307 0.076953
1 0.250796 0.875000 0.046709 0.250000
1 0.006079 0.645781 0.012666 0.214375
1 0.029683 0.589219 0.010635 0.078906
1 0.488213 0.626055 0.011660 0.136484
1 0.463521 0.803125 0.038350 0.358281
7 0.576172 0.712305 0.007539 0.378359
7 0.567065 0.725078 0.011592 0.402500
7 0.968208 0.531172 0.005732 0.178125
3 0.037910 0.505508 0.012344 0.117109
1 0.064399 0.658398 0.020342 0.154766
1 0.130645 0.685469 0.016250 0.114687
1 0.150200 0.695781 0.014854 0.093750
1 0.165586 0.684570 0.011270 0.091797
7 0.331045 0.821094 0.005488 0.295312
1 0.018652 0.593945 0.010273 0.094141
1 0.495630 0.599492 0.006572 0.087734
