1 0.710244 0.667344 0.010273 0.094219
7 0.399360 0.814219 0.012158 0.385781
8 0.391382 0.788711 0.020420 0.230234
5 0.389980 0.915938 0.023184 0.168125
7 0.361289 0.686016 0.007324 0.219375
1 0.733057 0.788984 0.013125 0.139375
1 0.752510 0.605391 0.005566 0.056250
1 0.526343 0.619922 0.011553 0.112500
1 0.511675 0.682500 0.017998 0.187500
1 0.587627 0.575586 0.010801 0.062109
1 0.601807 0.568711 0.005762 0.043828
1 0.717666 0.623477 0.007227 0.070859
1 0.725107 0.627422 0.006641 0.069531
1 0.732334 0.623672 0.005762 0.063906
1 0.740083 0.623672 0.007100 0.053281
1 0.747256 0.623672 0.005801 0.062812
1 0.401641 0.709961 0.033125 0.426797
1 0.772090 0.766133 0.018320 0.198672
3 0.017871 0.507422 0.024609 0.246094
7 0.907871 0.649883 0.014512 0.524766
7 0.955552 0.565195 0.007451 0.229766
7 0.933271 0.615195 0.010234 0.358203
2 0.004561 0.487031 0.006445 0.107031
3 0.434771 0.560820 0.030088 0.158047
