1 0.570430 0.600313 0.008242 0.122812
2 0.089976 0.565430 0.106768 0.864297
1 0.453940 0.817031 0.036260 0.319375
1 0.479683 0.729570 0.017744 0.154297
1 0.489805 0.646602 0.007871 0.066016
7 0.279946 0.818203 0.011084 0.355469
1 0.016538 0.556953 0.007588 0.063906
1 0.012686 0.791328 0.024375 0.401094
1 0.984839 0.600859 0.019150 0.212031
3 0.762690 0.501602 0.387510 0.996797
1 0.522534 0.668594 0.017139 0.128594
3 0.513750 0.555703 0.009414 0.162500
1 0.502329 0.754922 0.023779 0.238594
2 0.502402 0.558125 0.011641 0.146250
1 0.994141 0.845586 0.011719 0.308828
