7 0.639014 0.603633 0.003437 0.124766
7 0.209844 0.625625 0.005273 0.200781
7 0.732974 0.491055 0.003447 0.090703
7 0.714600 0.492812 0.003145 0.083437
5 0.797822 0.758203 0.021250 0.200156
7 0.264990 0.641797 0.005371 0.177344
5 0.809858 0.760039 0.024229 0.218359
6 0.035806 0.690781 0.007744 0.205000
7 0.965186 0.553906 0.006934 0.189063
8 0.834941 0.531211 0.003418 0.079609
1 0.315610 0.673008 0.016045 0.195078
1 0.597300 0.669102 0.016592 0.189922
1 0.151240 0.632812 0.028457 0.203594
8 0.067251 0.644023 0.018135 0.287734
5 0.067822 0.713398 0.016699 0.145547
8 0.037690 0.613164 0.008584 0.332109
