7 0.426318 0.542188 0.005762 0.214062
8 0.625938 0.461328 0.003789 0.078906
7 0.665576 0.510156 0.003613 0.096875
1 0.670796 0.507617 0.006650 0.052422
1 0.726748 0.574492 0.012520 0.057266
1 0.770444 0.617422 0.009639 0.044531
1 0.826006 0.651992 0.010313 0.061797
1 0.966021 0.601367 0.015205 0.103359
5 0.952451 0.753516 0.011113 0.105469
7 0.951133 0.685078 0.004922 0.270781
7 0.881162 0.774844 0.008770 0.330000
7 0.970000 0.614219 0.002695 0.124687
7 0.538589 0.553398 0.004326 0.184922
7 0.543701 0.548047 0.003809 0.192969
1 0.490244 0.433359 0.006074 0.058125
1 0.373906 0.618398 0.020605 0.114922
1 0.399395 0.623125 0.019629 0.110156
1 0.421025 0.579375 0.012695 0.052344
