7 0.415352 0.801992 0.015684 0.380547
8 0.597349 0.567031 0.008779 0.184219
7 0.586304 0.679805 0.010693 0.322891
1 0.004785 0.617539 0.009570 0.211953
1 0.005400 0.603398 0.010801 0.133047
1 0.449541 0.719727 0.024219 0.263984
1 0.852227 0.796719 0.137930 0.406563
7 0.875273 0.652305 0.014668 0.535859
1 0.956436 0.707773 0.040488 0.364766
8 0.978169 0.571797 0.008154 0.177656
1 0.994165 0.594023 0.011670 0.251797
1 0.458853 0.588867 0.015068 0.165078
1 0.482373 0.593438 0.013223 0.079375
1 0.473550 0.604727 0.012021 0.076953
