1 0.013989 0.790469 0.027646 0.413750
1 0.386909 0.681484 0.021064 0.132344
1 0.988955 0.594766 0.014141 0.184219
3 0.927319 0.500078 0.111533 0.999844
1 0.566689 0.838906 0.056660 0.322187
3 0.524980 0.580547 0.021367 0.329063
1 0.500923 0.779883 0.025400 0.288203
2 0.501528 0.557695 0.015264 0.160078
1 0.992681 0.845586 0.014639 0.308828
1 0.455732 0.837891 0.038145 0.324219
1 0.578315 0.578867 0.008037 0.121016
1 0.487461 0.638867 0.010137 0.110234
1 0.049609 0.715195 0.035273 0.296641
1 0.367852 0.685820 0.007461 0.091953
