7 0.870400 0.343789 0.001914 0.060234
1 0.537627 0.601914 0.003008 0.024297
1 0.518086 0.650469 0.013730 0.119375
1 0.485366 0.710039 0.018330 0.176328
7 0.930908 0.605859 0.005176 0.267969
1 0.544194 0.602969 0.003740 0.023281
7 0.087241 0.611094 0.002744 0.134375
7 0.199238 0.682969 0.003809 0.192500
7 0.785181 0.420664 0.002080 0.093047
7 0.743047 0.464844 0.003516 0.128906
7 0.812427 0.717812 0.011670 0.564375
7 0.842798 0.350625 0.001729 0.074219
7 0.448306 0.687930 0.003779 0.153984
1 0.823906 0.378828 0.006934 0.070937
7 0.780913 0.411094 0.002061 0.084062
