1 0.533433 0.633047 0.010459 0.094531
1 0.529175 0.599258 0.014600 0.082266
1 0.493887 0.598477 0.010234 0.090547
7 0.463359 0.631406 0.005469 0.164375
7 0.584282 0.765156 0.010576 0.416406
1 0.656211 0.571328 0.013379 0.081250
1 0.703545 0.542891 0.011133 0.086562
7 0.643447 0.572969 0.003867 0.087500
8 0.543198 0.618750 0.004717 0.118750
1 0.578804 0.601016 0.016904 0.104219
7 0.574731 0.608711 0.004248 0.115234
1 0.593311 0.602305 0.015137 0.076641
7 0.066099 0.725391 0.005127 0.199688
1 0.622905 0.571797 0.013760 0.088437
