1 0.238115 0.661094 0.015410 0.119062
7 0.395703 0.713125 0.006113 0.162344
1 0.348848 0.866094 0.088281 0.237031
1 0.069272 0.580195 0.022373 0.135234
7 0.116509 0.660625 0.005869 0.197500
7 0.416025 0.677930 0.006270 0.140234
7 0.964028 0.638789 0.011709 0.339453
5 0.965928 0.705117 0.013125 0.196953
1 0.751240 0.460781 0.016934 0.097188
1 0.005107 0.572891 0.009902 0.116406
1 0.488491 0.631016 0.010889 0.102656
1 0.047100 0.738164 0.026660 0.277734
1 0.021074 0.582930 0.010332 0.089922
1 0.505112 0.715898 0.019072 0.217109
1 0.466406 0.773945 0.025430 0.232422
