1 0.504023 0.608203 0.008711 0.070781
1 0.447012 0.695117 0.011016 0.108047
1 0.494648 0.611563 0.008125 0.066406
1 0.007153 0.611719 0.013350 0.182813
1 0.481323 0.660742 0.012686 0.134297
1 0.085054 0.800859 0.057549 0.374844
1 0.036484 0.635508 0.015098 0.161172
1 0.122983 0.660742 0.029678 0.189766
1 0.500327 0.822617 0.031689 0.336172
7 0.972222 0.569297 0.007939 0.217344
1 0.157036 0.683750 0.027842 0.245938
2 0.387129 0.657852 0.043867 0.226641
1 0.282671 0.755391 0.044951 0.220156
1 0.463823 0.802852 0.031436 0.275703
1 0.349082 0.866953 0.099766 0.241875
