1 0.855244 0.720625 0.051484 0.370156
7 0.630273 0.744141 0.007227 0.327344
7 0.800068 0.716562 0.010898 0.287500
7 0.345156 0.685742 0.007051 0.208984
7 0.890093 0.730898 0.009932 0.397422
7 0.775879 0.757969 0.010605 0.304375
7 0.074268 0.841172 0.011191 0.293594
7 0.139717 0.753281 0.010801 0.419375
7 0.153179 0.775391 0.011475 0.377031
7 0.344297 0.643984 0.007363 0.225938
8 0.937554 0.652383 0.010674 0.310234
5 0.862192 0.880781 0.016572 0.238437
7 0.758809 0.775313 0.012656 0.405313
7 0.919478 0.730352 0.011104 0.414297
7 0.821089 0.757188 0.012998 0.392500
7 0.623291 0.767188 0.010840 0.370313
7 0.612773 0.694961 0.009492 0.232422
1 0.440063 0.716992 0.021631 0.212422
7 0.872134 0.737500 0.013154 0.350000
