1 0.994121 0.620039 0.011230 0.166953
7 0.415254 0.637266 0.002402 0.102344
7 0.408647 0.664922 0.003252 0.121563
7 0.402534 0.698633 0.004229 0.114766
7 0.396069 0.701992 0.003662 0.119297
7 0.392119 0.698047 0.003965 0.122656
2 0.120996 0.584375 0.070898 0.725000
1 0.021128 0.682813 0.020576 0.171875
1 0.013755 0.590469 0.012646 0.111094
1 0.343115 0.835156 0.063477 0.328125
1 0.447603 0.691992 0.014365 0.128516
1 0.462422 0.662461 0.011777 0.099922
1 0.418252 0.752500 0.030879 0.270625
7 0.768267 0.743086 0.024287 0.511641
7 0.779482 0.540508 0.003047 0.109609
7 0.782754 0.531523 0.003047 0.112422
3 0.754277 0.523242 0.013633 0.186328
