1 0.086572 0.601367 0.011230 0.070703
8 0.282124 0.766016 0.010381 0.351250
5 0.282129 0.866367 0.021426 0.196328
7 0.449087 0.644766 0.004111 0.131719
7 0.475239 0.603711 0.003467 0.093984
7 0.471675 0.608828 0.003662 0.098750
7 0.467061 0.616719 0.003867 0.115000
7 0.539043 0.610313 0.004395 0.144375
7 0.535771 0.604180 0.003086 0.129141
7 0.530415 0.601641 0.003877 0.124219
1 0.983296 0.684336 0.021045 0.214141
5 0.857666 0.663945 0.009180 0.154453
1 0.017178 0.800508 0.034355 0.398984
1 0.012925 0.569805 0.014287 0.090547
7 0.138579 0.727500 0.007080 0.292187
1 0.028389 0.650898 0.018047 0.190859
1 0.508906 0.834961 0.037090 0.330078
1 0.520986 0.617852 0.010117 0.082578
1 0.506113 0.642969 0.015352 0.117031
5 0.912612 0.616250 0.012725 0.138594
5 0.904961 0.622109 0.011387 0.119375
5 0.888867 0.635547 0.014395 0.147187
