1 0.587681 0.520039 0.017412 0.105703
1 0.641665 0.516211 0.011553 0.073203
1 0.484819 0.798789 0.052900 0.402422
2 0.404595 0.434922 0.043252 0.233906
1 0.357271 0.555117 0.023096 0.123047
1 0.292769 0.557187 0.014346 0.087031
1 0.291738 0.545273 0.012207 0.065547
1 0.301045 0.549023 0.014824 0.088047
3 0.272598 0.516016 0.025059 0.115937
1 0.272578 0.526484 0.013125 0.074688
7 0.651450 0.562344 0.005830 0.112031
7 0.658389 0.553008 0.006094 0.102422
7 0.006714 0.564609 0.003799 0.128906
7 0.579658 0.517188 0.003906 0.071875
7 0.459893 0.526484 0.005078 0.120313
7 0.466396 0.527109 0.005664 0.117188
7 0.471572 0.524375 0.004102 0.114844
7 0.475527 0.521641 0.003027 0.112500
7 0.489639 0.526719 0.005859 0.116406
7 0.450293 0.522578 0.005664 0.114062
