1 0.478413 0.641680 0.013682 0.121016
3 0.016060 0.457578 0.006924 0.102031
3 0.027495 0.490156 0.014170 0.164375
1 0.017646 0.552422 0.008613 0.084531
1 0.009819 0.510469 0.006494 0.041406
1 0.008032 0.718945 0.016064 0.252734
1 0.995020 0.693594 0.009961 0.273750
1 0.043193 0.704375 0.024180 0.198906
1 0.748481 0.835430 0.128604 0.329141
1 0.504810 0.833867 0.039795 0.332266
1 0.505825 0.631445 0.018643 0.104766
1 0.224683 0.938672 0.086182 0.122656
8 0.576113 0.559414 0.004277 0.108672
1 0.975928 0.608086 0.019336 0.226172
1 0.516050 0.558398 0.006885 0.076484
1 0.525957 0.608984 0.012695 0.200313
1 0.444409 0.832422 0.036982 0.335156
