1 0.423306 0.786445 0.031338 0.283828
1 0.460889 0.652461 0.017227 0.138516
1 0.862773 0.572578 0.041094 0.335781
1 0.446021 0.701914 0.021357 0.194141
1 0.766997 0.460273 0.015264 0.147891
1 0.472061 0.626758 0.013184 0.109297
1 0.479780 0.606563 0.011826 0.102500
1 0.163569 0.836406 0.061924 0.327187
1 0.182227 0.640117 0.015215 0.057578
1 0.013604 0.549531 0.011172 0.082344
1 0.025684 0.609062 0.012070 0.099844
7 0.983706 0.560156 0.003779 0.107500
1 0.041846 0.669102 0.031289 0.274766
1 0.484399 0.645156 0.008506 0.070000
1 0.504521 0.639414 0.010820 0.082578
1 0.493003 0.612812 0.006963 0.052500
