1 0.158828 0.586055 0.008770 0.055391
1 0.193291 0.923867 0.106641 0.152266
1 0.089160 0.585195 0.010645 0.151172
1 0.104209 0.605273 0.014336 0.154141
1 0.120757 0.639922 0.017920 0.142188
1 0.141753 0.643672 0.019893 0.148750
1 0.163569 0.685352 0.024678 0.188516
1 0.186665 0.715156 0.021533 0.170938
1 0.221953 0.654531 0.009707 0.088750
1 0.206958 0.656523 0.008506 0.081016
1 0.501597 0.826289 0.035068 0.325703
1 0.444263 0.797344 0.050518 0.399531
1 0.359482 0.793203 0.048223 0.395781
7 0.564126 0.670547 0.008018 0.288906
1 0.614526 0.527930 0.019990 0.111172
7 0.561992 0.547695 0.003359 0.105234
1 0.172896 0.571172 0.008760 0.076406
8 0.942607 0.345234 0.005254 0.078125
3 0.990737 0.417187 0.011982 0.153906
1 0.473198 0.635469 0.008057 0.063906
