1 0.160503 0.684375 0.024697 0.121719
1 0.990869 0.691445 0.014453 0.223672
2 0.013159 0.517266 0.006787 0.118906
7 0.910215 0.744141 0.013457 0.461563
1 0.464053 0.600625 0.011152 0.132500
7 0.644321 0.747344 0.011709 0.500000
7 0.630771 0.767930 0.009785 0.446797
7 0.544888 0.606914 0.003467 0.155547
7 0.541177 0.611836 0.003408 0.157734
7 0.383774 0.670117 0.007061 0.148047
7 0.371943 0.694727 0.004453 0.115078
7 0.364043 0.698750 0.004863 0.132812
1 0.749434 0.347578 0.014766 0.071719
1 0.004038 0.626094 0.008330 0.194531
1 0.316035 0.804609 0.088496 0.408594
1 0.057793 0.736680 0.040430 0.324141
1 0.447471 0.640195 0.018477 0.198672
