1 0.232510 0.638555 0.015527 0.107266
7 0.537979 0.682344 0.007266 0.212500
7 0.515898 0.606406 0.004668 0.116875
1 0.218413 0.668320 0.013721 0.119297
7 0.530796 0.632500 0.005166 0.168125
1 0.244985 0.648828 0.007861 0.059375
1 0.338242 0.603633 0.017090 0.065391
1 0.049912 0.709922 0.031582 0.318594
1 0.003398 0.567031 0.006641 0.060781
1 0.488511 0.639648 0.012764 0.111641
1 0.451572 0.834102 0.039434 0.326016
2 0.015742 0.486094 0.012676 0.240312
7 0.985889 0.552344 0.003223 0.070312
7 0.976880 0.556719 0.003486 0.079062
7 0.970059 0.576875 0.003926 0.125625
