5 0.570571 0.644961 0.013525 0.109453
1 0.046499 0.804492 0.042686 0.391016
1 0.115977 0.720352 0.024141 0.161016
1 0.154995 0.644766 0.021182 0.141719
7 0.399204 0.665078 0.004150 0.158906
1 0.380537 0.871211 0.071777 0.257578
1 0.474824 0.771523 0.024121 0.291328
1 0.485811 0.625898 0.010117 0.082578
1 0.472319 0.597969 0.009443 0.067500
1 0.996016 0.596406 0.007969 0.097812
7 0.904082 0.578906 0.007129 0.131250
7 0.898784 0.593164 0.005791 0.153984
7 0.893110 0.601289 0.006768 0.237734
5 0.637495 0.686172 0.015693 0.204844
5 0.619292 0.693008 0.016826 0.145703
5 0.597358 0.669297 0.016729 0.146562
