1 0.017920 0.529609 0.009668 0.093594
1 0.202734 0.710000 0.020703 0.155000
1 0.078193 0.633984 0.009375 0.105469
7 0.968218 0.629570 0.008486 0.316953
1 0.092407 0.661172 0.010498 0.116719
1 0.058569 0.634141 0.014502 0.141094
1 0.175273 0.870977 0.079531 0.258047
1 0.290796 0.751602 0.018213 0.168672
1 0.471743 0.653711 0.011201 0.120547
1 0.481924 0.614766 0.008008 0.073125
1 0.490703 0.612109 0.007500 0.093281
2 0.494766 0.531992 0.011836 0.191172
1 0.040171 0.675273 0.026006 0.354609
1 0.005063 0.592383 0.009697 0.095234
1 0.015659 0.563203 0.007100 0.060156
