3 0.702031 0.648477 0.140508 0.432734
7 0.355908 0.583164 0.002637 0.096172
7 0.037471 0.702344 0.015566 0.553125
7 0.348022 0.616094 0.004346 0.136562
7 0.896450 0.499688 0.002842 0.093906
7 0.899248 0.513281 0.002441 0.073438
7 0.353008 0.575469 0.002539 0.089844
7 0.929590 0.525000 0.006543 0.200781
1 0.682822 0.769180 0.059785 0.421016
1 0.742837 0.697266 0.037041 0.269531
1 0.778369 0.613984 0.012695 0.064063
2 0.562319 0.594180 0.050166 0.365547
1 0.441724 0.720312 0.025244 0.248437
1 0.395547 0.627070 0.009395 0.059922
1 0.387744 0.604805 0.008672 0.051641
1 0.857764 0.517656 0.005762 0.050000
1 0.861934 0.505508 0.004199 0.038359
1 0.864390 0.491641 0.003447 0.028594
