1 0.504756 0.633398 0.013730 0.095234
1 0.489204 0.628672 0.011572 0.118281
1 0.479507 0.717422 0.016357 0.155000
1 0.466890 0.616680 0.017783 0.167734
1 0.452446 0.667148 0.015674 0.102734
1 0.242324 0.855352 0.081211 0.314141
2 0.398501 0.590469 0.049697 0.345313
1 0.122598 0.818281 0.056094 0.344531
1 0.048110 0.763516 0.034131 0.326562
1 0.502876 0.786719 0.030850 0.341406
1 0.368813 0.824648 0.121416 0.343359
7 0.950000 0.488945 0.002773 0.071641
1 0.064468 0.669297 0.024209 0.217969
3 0.005864 0.510977 0.011455 0.306641
2 0.021812 0.481289 0.013975 0.239453
