1 0.995356 0.620859 0.008779 0.251094
7 0.678901 0.708047 0.016377 0.570312
7 0.606733 0.761406 0.012510 0.465000
7 0.970210 0.571328 0.004873 0.139375
7 0.918892 0.662031 0.006885 0.353750
7 0.935029 0.655938 0.002871 0.313125
3 0.549473 0.523633 0.054043 0.322734
2 0.501436 0.585820 0.019648 0.116797
2 0.004600 0.620898 0.008223 0.272422
7 0.153545 0.673242 0.007305 0.216016
5 0.125996 0.664375 0.013457 0.106875
5 0.094331 0.621523 0.010928 0.083047
7 0.450049 0.592070 0.004082 0.119453
7 0.380278 0.631992 0.003994 0.125078
7 0.440571 0.601406 0.004033 0.096719
7 0.414878 0.609102 0.002334 0.098203
