1 0.044946 0.565625 0.008154 0.073437
1 0.063711 0.599648 0.015898 0.124141
1 0.150557 0.724219 0.056191 0.374688
1 0.399961 0.734375 0.032148 0.229688
1 0.455088 0.649648 0.012773 0.116953
1 0.089775 0.632734 0.017734 0.148594
8 0.427700 0.640703 0.003037 0.095781
2 0.335156 0.627773 0.028711 0.244453
1 0.123823 0.595352 0.012314 0.122734
1 0.458252 0.640352 0.012598 0.106797
1 0.036108 0.651797 0.017568 0.216719
2 0.478623 0.567305 0.022676 0.379922
1 0.014814 0.565195 0.007402 0.062109
1 0.495913 0.603359 0.005986 0.063594
