1 0.398511 0.834688 0.047998 0.330625
1 0.454785 0.674375 0.017871 0.156250
1 0.884111 0.533633 0.036758 0.282109
1 0.436411 0.751133 0.027881 0.247109
1 0.786099 0.431211 0.014854 0.141641
1 0.469297 0.638906 0.013359 0.116875
1 0.479937 0.611016 0.011162 0.092813
1 0.110127 0.767383 0.038145 0.298047
1 0.175723 0.654297 0.015215 0.057500
1 0.013437 0.539883 0.011074 0.083203
1 0.028667 0.610820 0.011885 0.102109
1 0.040947 0.664883 0.031309 0.271484
1 0.484863 0.658281 0.010156 0.070000
1 0.504829 0.641992 0.010908 0.083516
1 0.492759 0.605391 0.008232 0.067344
