1 0.109775 0.713633 0.047617 0.246172
1 0.502939 0.623867 0.011641 0.108828
1 0.472563 0.650820 0.012764 0.105703
1 0.013267 0.778672 0.026592 0.450781
1 0.504238 0.831797 0.038867 0.311250
7 0.558203 0.592695 0.007148 0.173672
7 0.567749 0.623633 0.007666 0.250391
1 0.107202 0.838359 0.069951 0.323281
7 0.244077 0.750000 0.007549 0.251562
7 0.037407 0.502578 0.005850 0.093594
1 0.913091 0.438828 0.008994 0.131406
7 0.967314 0.437109 0.003594 0.097031
7 0.970537 0.448438 0.004102 0.083906
1 0.527187 0.612617 0.013984 0.067734
7 0.055498 0.528867 0.003398 0.084141
