1 0.025859 0.705977 0.026992 0.314453
3 0.406851 0.577734 0.087197 0.400938
1 0.306128 0.665938 0.019287 0.109219
1 0.325127 0.619102 0.017383 0.098203
1 0.048818 0.575391 0.011543 0.122031
7 0.601064 0.653242 0.008379 0.296797
7 0.123794 0.675703 0.006670 0.235781
7 0.621367 0.471328 0.002734 0.036719
7 0.990547 0.472187 0.002188 0.040938
7 0.998120 0.472930 0.003643 0.044766
3 0.656416 0.447734 0.023418 0.132187
1 0.543896 0.536133 0.021426 0.178828
2 0.242334 0.592500 0.010313 0.126563
1 0.989873 0.567109 0.019023 0.171875
3 0.462852 0.526211 0.054746 0.210703
7 0.969282 0.635781 0.008096 0.258125
7 0.930996 0.739336 0.016055 0.497578
1 0.486753 0.860820 0.040928 0.274766
3 0.615801 0.492266 0.035254 0.182344
