1 0.494512 0.742109 0.023828 0.240156
1 0.697749 0.635430 0.010713 0.094922
8 0.374287 0.682500 0.007754 0.119531
5 0.374189 0.805547 0.007988 0.163594
7 0.389985 0.752773 0.006611 0.270391
1 0.713799 0.764180 0.013125 0.151797
1 0.745205 0.586172 0.005566 0.056250
1 0.515166 0.624531 0.016660 0.134219
1 0.708550 0.602734 0.007158 0.078125
1 0.715879 0.601914 0.006621 0.068047
1 0.723652 0.608398 0.005273 0.061797
1 0.731836 0.601406 0.007324 0.066406
1 0.738408 0.608359 0.005859 0.064844
1 0.421958 0.666562 0.025322 0.340938
1 0.751582 0.745430 0.015469 0.200703
3 0.062930 0.628125 0.099922 0.743750
7 0.797280 0.664844 0.019072 0.677656
7 0.934365 0.648711 0.008887 0.284922
7 0.880469 0.719180 0.015957 0.570078
2 0.007129 0.516797 0.008789 0.139844
3 0.449170 0.547969 0.035566 0.126875
