1 0.759424 0.617188 0.006934 0.051562
1 0.785513 0.735938 0.017432 0.183125
7 0.596606 0.653125 0.005615 0.131250
1 0.748110 0.779375 0.014971 0.119688
1 0.730171 0.677773 0.007588 0.078672
1 0.718052 0.686562 0.008428 0.082031
1 0.752075 0.623203 0.006182 0.049687
1 0.744687 0.622070 0.006523 0.047578
1 0.736997 0.619961 0.006553 0.056953
1 0.729902 0.620430 0.006445 0.053984
1 0.722573 0.618320 0.008037 0.055547
1 0.753828 0.593242 0.006602 0.038047
1 0.747192 0.587383 0.006494 0.041953
1 0.740957 0.588789 0.005352 0.041641
1 0.521499 0.771992 0.021846 0.266953
1 0.505366 0.726289 0.018936 0.161484
