7 0.281670 0.651563 0.005273 0.200781
7 0.777524 0.487852 0.003447 0.090703
7 0.758936 0.482578 0.003223 0.087031
7 0.332617 0.637891 0.004980 0.182812
5 0.825229 0.793125 0.024404 0.240469
6 0.099644 0.757305 0.011631 0.262891
8 0.883174 0.547578 0.004043 0.093437
1 0.384795 0.663789 0.015586 0.191953
1 0.373335 0.621875 0.010361 0.092813
1 0.633027 0.680391 0.019609 0.222031
1 0.242510 0.682813 0.038926 0.240313
7 0.012793 0.580781 0.007227 0.226562
7 0.681104 0.575117 0.004590 0.091953
8 0.143047 0.695820 0.020488 0.325234
5 0.143232 0.769727 0.020332 0.175703
8 0.102900 0.672656 0.011621 0.417031
