7 0.923926 0.727266 0.008887 0.344063
7 0.392139 0.576562 0.007129 0.215625
7 0.664990 0.512383 0.002441 0.092422
1 0.669189 0.516016 0.004980 0.039844
1 0.641260 0.459492 0.008008 0.056016
1 0.840825 0.650508 0.006240 0.059453
1 0.964707 0.597383 0.017559 0.110078
7 0.915576 0.722344 0.005957 0.225625
8 0.598882 0.460742 0.005557 0.091797
7 0.533267 0.512305 0.003799 0.168516
7 0.537363 0.502812 0.003750 0.176562
5 0.922412 0.830859 0.006738 0.138281
1 0.490244 0.433359 0.006074 0.058125
1 0.373906 0.618398 0.020605 0.114922
1 0.399395 0.623125 0.019629 0.110156
1 0.421025 0.579375 0.012695 0.052344
