1 0.559985 0.523438 0.019932 0.127344
1 0.630908 0.518711 0.012734 0.078203
1 0.250229 0.556211 0.012119 0.066484
8 0.639443 0.519219 0.003906 0.050000
1 0.484873 0.799609 0.053223 0.400781
2 0.404067 0.435664 0.042510 0.231953
1 0.334004 0.552773 0.022168 0.117266
1 0.289424 0.558711 0.013750 0.086797
1 0.291328 0.544922 0.011680 0.062344
1 0.299448 0.550312 0.013779 0.085469
3 0.272729 0.514727 0.024756 0.116016
1 0.271504 0.524570 0.013125 0.074766
7 0.652114 0.561094 0.005830 0.112031
7 0.658389 0.553008 0.006094 0.102422
7 0.008242 0.560234 0.003828 0.126563
7 0.582588 0.516875 0.003906 0.071875
7 0.459893 0.526484 0.005078 0.120313
7 0.466396 0.527109 0.005664 0.117188
7 0.471572 0.524375 0.004102 0.114844
7 0.475527 0.521641 0.003027 0.112500
7 0.489639 0.526719 0.005859 0.116406
7 0.450293 0.522578 0.005664 0.114062
