7 0.037666 0.501328 0.002344 0.051563
7 0.024297 0.520391 0.002109 0.065781
1 0.593730 0.659766 0.021738 0.124219
1 0.444546 0.552344 0.026963 0.135313
1 0.387139 0.471992 0.015781 0.100547
7 0.588184 0.191016 0.003398 0.037500
5 0.747607 0.129648 0.010449 0.085859
8 0.746997 0.083164 0.006807 0.151641
1 0.102065 0.805000 0.084834 0.387187
1 0.044375 0.724063 0.033867 0.312656
1 0.055596 0.587969 0.017012 0.215469
3 0.205767 0.519258 0.286338 0.960703
1 0.273589 0.895664 0.121338 0.208672
7 0.353945 0.476016 0.003398 0.105000
7 0.907178 0.222031 0.004395 0.121719
7 0.982568 0.610586 0.005781 0.180859
7 0.887612 0.846836 0.007568 0.285078
7 0.895874 0.756563 0.010889 0.486875
