1 0.151655 0.684883 0.023545 0.116172
1 0.987842 0.700195 0.016699 0.225391
7 0.915293 0.728633 0.012539 0.438203
1 0.458052 0.605625 0.012744 0.132500
7 0.665249 0.743516 0.011709 0.500000
7 0.652842 0.759844 0.009785 0.446875
7 0.541445 0.609570 0.003457 0.165391
7 0.537603 0.617734 0.003408 0.165313
7 0.325669 0.716445 0.006279 0.171953
7 0.374536 0.672227 0.006143 0.146016
7 0.363027 0.701211 0.004453 0.115078
7 0.353105 0.703633 0.004863 0.132891
1 0.300171 0.808242 0.094717 0.383516
1 0.053501 0.730195 0.039717 0.312266
1 0.441772 0.642188 0.019580 0.198750
