1 0.668540 0.719141 0.022783 0.205313
8 0.202119 0.767188 0.019004 0.465625
7 0.684727 0.796289 0.011152 0.405078
7 0.676152 0.807617 0.008535 0.384766
7 0.768203 0.615312 0.004277 0.127500
1 0.011890 0.773203 0.023193 0.452656
3 0.037012 0.520820 0.010508 0.093047
1 0.035742 0.639766 0.017187 0.159531
7 0.175352 0.570312 0.002969 0.074375
1 0.046235 0.753828 0.023271 0.312031
1 0.085161 0.747383 0.075186 0.504141
1 0.568994 0.844922 0.055957 0.310156
8 0.692656 0.751875 0.015293 0.496250
5 0.691484 0.940742 0.023633 0.112266
8 0.638091 0.782148 0.016807 0.435703
7 0.770942 0.609258 0.004014 0.129453
