7 0.427002 0.540820 0.003418 0.219922
8 0.626523 0.462109 0.003789 0.078906
7 0.665576 0.510156 0.003613 0.096875
1 0.670991 0.504844 0.007041 0.057969
1 0.730371 0.574492 0.010352 0.057266
1 0.768247 0.613398 0.009639 0.044609
1 0.823477 0.643906 0.010312 0.061875
1 0.966021 0.601367 0.015205 0.103359
5 0.952451 0.753516 0.011113 0.105469
7 0.951133 0.685078 0.004922 0.270781
7 0.880225 0.779531 0.008770 0.330000
7 0.969458 0.613984 0.002256 0.124687
7 0.538979 0.557305 0.003545 0.177109
7 0.544189 0.554102 0.003711 0.190234
1 0.490244 0.433359 0.006074 0.058125
1 0.373906 0.618398 0.020605 0.114922
1 0.399395 0.623125 0.019629 0.110156
1 0.421025 0.579375 0.012695 0.052344
