1 0.373257 0.625508 0.017803 0.124297
1 0.378794 0.665508 0.020635 0.168984
1 0.032627 0.542930 0.008262 0.074766
7 0.601929 0.622734 0.005576 0.160000
7 0.166851 0.774961 0.007998 0.341797
7 0.992129 0.472852 0.002187 0.040859
7 0.998120 0.472930 0.003643 0.044766
3 0.655356 0.456992 0.023506 0.134453
1 0.990347 0.568789 0.018350 0.169297
1 0.320586 0.641055 0.020273 0.124297
1 0.297148 0.624609 0.012656 0.091406
1 0.421499 0.597227 0.020654 0.133047
3 0.461318 0.553320 0.064434 0.208516
7 0.934063 0.726055 0.012266 0.433516
7 0.849077 0.750273 0.023896 0.497734
1 0.486753 0.860820 0.040928 0.274766
1 0.398354 0.844922 0.032646 0.286719
1 0.285049 0.626953 0.010273 0.075781
3 0.617373 0.488672 0.035254 0.182344
