1 0.479722 0.527969 0.011143 0.113594
7 0.386914 0.568242 0.010742 0.261484
1 0.359087 0.496406 0.019092 0.108594
5 0.840352 0.757305 0.013770 0.195391
5 0.827432 0.782227 0.012246 0.207109
5 0.818335 0.790625 0.014346 0.207187
5 0.702710 0.832578 0.011963 0.179219
7 0.878042 0.703633 0.012217 0.323984
5 0.192153 0.615664 0.016787 0.246328
5 0.203413 0.608789 0.014697 0.239297
5 0.217837 0.610273 0.014678 0.257578
5 0.236904 0.622109 0.011914 0.230000
5 0.249849 0.628828 0.012217 0.266094
5 0.264829 0.635586 0.014424 0.259141
5 0.278677 0.635703 0.012881 0.258906
5 0.290381 0.634492 0.013105 0.259141
5 0.298315 0.651484 0.013389 0.225937
5 0.320449 0.638711 0.016191 0.236484
1 0.509365 0.596836 0.017090 0.137422
