1 0.480566 0.716836 0.014395 0.136328
1 0.295449 0.670391 0.016094 0.163125
1 0.716948 0.543867 0.012803 0.129922
7 0.439009 0.711445 0.006846 0.213984
1 0.669019 0.562188 0.017295 0.172656
1 0.681670 0.554883 0.009453 0.105078
1 0.690537 0.508672 0.009102 0.085469
2 0.489463 0.550078 0.010371 0.168594
1 0.024707 0.590234 0.010840 0.111719
1 0.014546 0.799883 0.028896 0.391016
1 0.317764 0.730039 0.028672 0.187891
1 0.987432 0.596992 0.015996 0.194453
3 0.919536 0.500625 0.124697 0.998750
1 0.543594 0.766875 0.035000 0.270000
3 0.521597 0.571094 0.014600 0.247500
1 0.499536 0.766641 0.025400 0.292500
2 0.502368 0.553203 0.012881 0.157656
1 0.993369 0.845586 0.013262 0.308828
1 0.620254 0.596758 0.008984 0.155391
1 0.321260 0.891133 0.091934 0.217734
