7 0.025937 0.512500 0.001953 0.054687
7 0.043379 0.523438 0.002891 0.065781
2 0.415327 0.434961 0.031104 0.201797
1 0.599312 0.640781 0.018818 0.105000
1 0.412056 0.520859 0.023115 0.118594
1 0.102432 0.805000 0.085566 0.387187
1 0.044604 0.724063 0.034326 0.312656
1 0.055596 0.587969 0.017012 0.215469
3 0.205903 0.519258 0.286611 0.960703
1 0.273467 0.895664 0.121094 0.208672
7 0.353945 0.476016 0.003398 0.105000
2 0.483408 0.490898 0.064375 0.383516
7 0.615786 0.127539 0.003740 0.047891
7 0.867568 0.127422 0.005820 0.161094
7 0.972026 0.663594 0.007432 0.272500
7 0.886494 0.846836 0.009805 0.285078
7 0.896401 0.756563 0.011143 0.486875
