7 0.069048 0.543320 0.004053 0.095078
8 0.964985 0.569727 0.005166 0.143359
1 0.493755 0.857812 0.032842 0.272031
1 0.503027 0.778711 0.028711 0.190234
1 0.535483 0.641172 0.028584 0.197969
1 0.579014 0.670000 0.018926 0.122969
1 0.615576 0.658555 0.020273 0.110234
1 0.640693 0.653555 0.016504 0.106484
1 0.111860 0.606641 0.021084 0.124531
1 0.061392 0.557500 0.009014 0.085938
1 0.126968 0.592578 0.022100 0.133594
8 0.004932 0.640859 0.007422 0.231094
7 0.058960 0.552148 0.005205 0.119766
8 0.273125 0.546523 0.005000 0.068516
8 0.396372 0.531641 0.006338 0.101875
7 0.506377 0.643711 0.004980 0.109766
7 0.513418 0.640117 0.005234 0.108359
