7 0.411875 0.460391 0.003105 0.086094
7 0.127202 0.517500 0.005479 0.144219
7 0.095957 0.519219 0.004082 0.131250
7 0.085601 0.493281 0.003213 0.095312
7 0.089951 0.496797 0.002734 0.094531
7 0.064727 0.499258 0.003086 0.068984
1 0.372466 0.420469 0.010010 0.059375
1 0.349185 0.406016 0.008408 0.039531
5 0.579351 0.797187 0.012744 0.110312
7 0.579233 0.736367 0.009033 0.263516
7 0.602686 0.154453 0.003770 0.061719
1 0.259326 0.773516 0.093848 0.451406
1 0.194478 0.826172 0.126455 0.346094
1 0.084302 0.773828 0.071299 0.452344
1 0.046772 0.690898 0.039854 0.415078
