1 0.501343 0.634961 0.013486 0.122734
1 0.474121 0.696602 0.022188 0.251953
1 0.445757 0.679414 0.021006 0.125547
1 0.423901 0.706914 0.023486 0.191953
1 0.873384 0.487656 0.020264 0.111250
1 0.036812 0.610898 0.016104 0.118203
1 0.018013 0.582773 0.011611 0.098359
1 0.439585 0.824453 0.048857 0.351094
1 0.155181 0.778438 0.144951 0.437969
1 0.379014 0.840391 0.058242 0.319219
1 0.857437 0.451250 0.017295 0.101250
2 0.842671 0.418125 0.021240 0.129375
1 0.498887 0.865625 0.041855 0.268750
2 0.012266 0.485820 0.008437 0.125547
