1 0.982012 0.539687 0.017617 0.209844
1 0.437134 0.708320 0.021299 0.201797
7 0.529771 0.787148 0.018584 0.425703
7 0.592090 0.603828 0.007266 0.229687
1 0.005234 0.603008 0.010469 0.153672
1 0.401240 0.829453 0.061328 0.341094
1 0.776826 0.816367 0.144707 0.367266
7 0.927915 0.540898 0.009971 0.305078
1 0.915186 0.774180 0.087480 0.450391
8 0.949424 0.702969 0.014453 0.417344
1 0.988618 0.622500 0.022764 0.308750
1 0.458853 0.608320 0.015068 0.180391
1 0.469497 0.619531 0.013232 0.079375
1 0.471958 0.625430 0.012021 0.076953
