1 0.967036 0.594141 0.017744 0.105000
7 0.954292 0.644375 0.006865 0.187969
7 0.333887 0.607852 0.005000 0.139297
8 0.519434 0.518906 0.009180 0.199219
7 0.534766 0.499727 0.003848 0.161016
7 0.539702 0.494492 0.004404 0.176641
7 0.008618 0.613008 0.001904 0.148984
7 0.632197 0.517500 0.004785 0.148437
7 0.640762 0.521016 0.005762 0.155469
5 0.808433 0.939453 0.031963 0.119531
7 0.799902 0.791406 0.001953 0.399375
1 0.490244 0.433359 0.006074 0.058125
1 0.373906 0.618398 0.020605 0.114922
1 0.399395 0.623125 0.019629 0.110156
1 0.421025 0.579375 0.012695 0.052344
