1 0.315425 0.636602 0.022471 0.119922
7 0.240518 0.658516 0.004199 0.075781
7 0.556440 0.621914 0.008760 0.263672
1 0.552563 0.493828 0.013994 0.078906
1 0.344395 0.640781 0.015137 0.073750
7 0.595586 0.556680 0.005313 0.126172
1 0.605420 0.459609 0.008789 0.063281
1 0.485547 0.835430 0.039648 0.329141
1 0.430381 0.568594 0.020137 0.143594
1 0.343730 0.632109 0.020313 0.107812
1 0.481504 0.548906 0.022227 0.105156
1 0.389990 0.607266 0.020879 0.123125
1 0.369590 0.602812 0.023164 0.135000
1 0.984819 0.581133 0.024658 0.181016
8 0.401494 0.792070 0.019609 0.282734
5 0.402197 0.841836 0.019609 0.179297
