1 0.493833 0.624766 0.010693 0.094062
7 0.058496 0.581016 0.003809 0.118594
2 0.250415 0.594375 0.021748 0.369531
7 0.224199 0.652695 0.004902 0.149453
7 0.414243 0.723711 0.005635 0.205234
7 0.448188 0.664961 0.004639 0.125859
1 0.501479 0.577070 0.008232 0.052422
7 0.772422 0.579102 0.005723 0.191328
1 0.619316 0.630117 0.023887 0.193359
1 0.597627 0.605898 0.016855 0.152266
1 0.583057 0.605859 0.012598 0.128906
1 0.566611 0.577695 0.014004 0.117578
1 0.509478 0.683320 0.016885 0.170703
1 0.006938 0.589141 0.012354 0.224844
