7 0.044238 0.496875 0.002344 0.051563
1 0.599102 0.636133 0.016641 0.104922
1 0.510757 0.618281 0.028232 0.152813
1 0.441006 0.543008 0.025488 0.136172
7 0.600469 0.159219 0.003398 0.037500
5 0.811377 0.146211 0.013086 0.072109
8 0.810874 0.106641 0.006807 0.128438
1 0.101938 0.805000 0.084580 0.387187
1 0.044297 0.724063 0.033711 0.312656
1 0.055596 0.587969 0.017012 0.215469
3 0.204941 0.522148 0.284687 0.954922
1 0.272734 0.895664 0.119629 0.208672
7 0.353945 0.476016 0.003398 0.105000
7 0.917061 0.255859 0.004395 0.112656
7 0.983721 0.595781 0.005039 0.166875
7 0.899009 0.754141 0.010693 0.486875
