3 0.483281 0.571445 0.085762 0.423359
7 0.117524 0.640391 0.005225 0.095312
8 0.091113 0.633906 0.011328 0.130625
2 0.738408 0.390234 0.006074 0.083750
7 0.878281 0.440703 0.005566 0.121094
8 0.908662 0.447773 0.005273 0.106797
7 0.494478 0.735977 0.009365 0.288359
8 0.545210 0.789062 0.017217 0.421875
1 0.512012 0.837500 0.041602 0.325000
1 0.735615 0.443945 0.006992 0.056328
7 0.716318 0.537500 0.005293 0.183125
1 0.672285 0.529844 0.018672 0.114844
1 0.638672 0.560703 0.024609 0.177031
1 0.609072 0.582383 0.030078 0.194453
1 0.553677 0.641914 0.033936 0.176953
7 0.750508 0.429023 0.003203 0.072891
1 0.050078 0.800898 0.055000 0.349609
1 0.047886 0.609141 0.017979 0.047656
