1 0.394380 0.702461 0.024912 0.152891
1 0.435161 0.732461 0.027139 0.231953
2 0.018779 0.538945 0.029160 0.218516
7 0.016797 0.601953 0.004141 0.118750
7 0.481523 0.605117 0.003945 0.131641
7 0.494980 0.570312 0.002871 0.068750
7 0.739131 0.493984 0.003027 0.108281
1 0.995332 0.615391 0.009043 0.108281
7 0.978916 0.567070 0.002148 0.094141
8 0.972935 0.579375 0.003975 0.092812
5 0.972949 0.613672 0.003691 0.074219
1 0.582104 0.598672 0.039307 0.275469
7 0.580400 0.775781 0.013203 0.448438
7 0.660234 0.739531 0.015820 0.520938
7 0.947314 0.577969 0.005020 0.144687
7 0.064932 0.655781 0.006465 0.208438
7 0.028052 0.618750 0.004775 0.168750
7 0.402358 0.707109 0.005752 0.236250
5 0.384224 0.741602 0.008447 0.090391
8 0.384561 0.694297 0.006738 0.166250
7 0.488462 0.589180 0.002627 0.100859
7 0.753521 0.456758 0.002979 0.085703
5 0.837451 0.462617 0.004160 0.066641
8 0.837524 0.421875 0.003525 0.098281
