1 0.712656 0.667578 0.012012 0.107031
1 0.388623 0.868203 0.034746 0.263594
1 0.237598 0.627344 0.178516 0.745313
1 0.407002 0.766445 0.015371 0.143516
2 0.246465 0.555352 0.188652 0.899453
7 0.595825 0.790977 0.018818 0.418047
7 0.969937 0.462812 0.005244 0.141562
8 0.584355 0.643672 0.006816 0.104062
5 0.584717 0.697773 0.006152 0.092734
7 0.347710 0.772383 0.007119 0.270547
1 0.740332 0.786289 0.013125 0.139297
1 0.757207 0.600234 0.005566 0.056250
1 0.516367 0.677500 0.010703 0.074219
3 0.394243 0.644648 0.029072 0.241797
1 0.718643 0.634531 0.007227 0.064375
1 0.726299 0.633672 0.006641 0.070312
1 0.735918 0.633984 0.005273 0.062500
1 0.743701 0.629922 0.007324 0.066406
1 0.750303 0.628516 0.005859 0.064844
1 0.777422 0.755078 0.018047 0.193594
7 0.953442 0.522344 0.008115 0.282344
7 0.957900 0.497773 0.006445 0.237422
