1 0.984771 0.780469 0.030459 0.439063
1 0.700532 0.686484 0.018740 0.167656
8 0.063789 0.689883 0.007773 0.356172
5 0.073667 0.880273 0.012041 0.192578
7 0.810918 0.783281 0.018770 0.421719
7 0.790269 0.803906 0.015557 0.392188
7 0.765044 0.611875 0.004111 0.126250
1 0.003047 0.785586 0.006094 0.428828
3 0.016045 0.518984 0.009043 0.077656
7 0.150059 0.556211 0.002812 0.068828
1 0.040479 0.752109 0.046777 0.484062
1 0.617461 0.829688 0.056348 0.340625
8 0.755010 0.748164 0.020254 0.503672
5 0.749673 0.943906 0.017627 0.112187
8 0.703950 0.784062 0.022979 0.431875
7 0.769370 0.615547 0.003584 0.117344
