1 0.056724 0.599141 0.008564 0.087031
2 0.460420 0.610625 0.021699 0.308125
1 0.323101 0.885000 0.073936 0.230000
1 0.132139 0.813555 0.058223 0.351953
8 0.210962 0.319297 0.005342 0.092656
5 0.211411 0.372031 0.009814 0.042812
1 0.503369 0.605820 0.010078 0.104766
1 0.047773 0.591523 0.011660 0.117734
1 0.014106 0.761211 0.028213 0.372891
1 0.505278 0.792852 0.034150 0.296172
7 0.852954 0.566211 0.009717 0.433828
7 0.865820 0.633320 0.016387 0.486797
1 0.027529 0.577383 0.009238 0.080078
7 0.085811 0.605195 0.005000 0.137734
