1 0.520903 0.581484 0.022080 0.116094
1 0.580801 0.619414 0.020391 0.113828
7 0.226782 0.548633 0.007002 0.211953
7 0.177949 0.530742 0.007305 0.213203
7 0.097983 0.513789 0.001885 0.111484
7 0.107056 0.518867 0.004053 0.134141
7 0.076138 0.525234 0.002451 0.088594
7 0.085400 0.505859 0.001660 0.105469
7 0.089561 0.514609 0.002520 0.105156
7 0.083545 0.508359 0.001660 0.100469
1 0.007080 0.693906 0.013574 0.159688
1 0.035425 0.660156 0.029248 0.240625
1 0.470669 0.542773 0.018623 0.129297
1 0.421372 0.530078 0.021904 0.146094
1 0.099072 0.794531 0.078223 0.410937
