1 0.979712 0.568555 0.013311 0.177422
1 0.939966 0.781758 0.055908 0.426641
1 0.915098 0.725586 0.037227 0.345703
1 0.106787 0.871992 0.070801 0.256016
1 0.453657 0.780391 0.031514 0.276563
1 0.482007 0.617812 0.009912 0.104062
3 0.007568 0.452070 0.005352 0.060391
3 0.012563 0.456836 0.005674 0.085391
1 0.007480 0.488086 0.003887 0.037734
1 0.003218 0.475469 0.003623 0.025938
1 0.012695 0.813594 0.025391 0.372812
1 0.991602 0.799219 0.016797 0.401563
1 0.012969 0.521133 0.006934 0.049141
1 0.518813 0.584102 0.008916 0.098203
1 0.504810 0.833867 0.039795 0.332266
1 0.505825 0.631445 0.018643 0.104766
1 0.019795 0.559531 0.009863 0.091562
1 0.538291 0.692852 0.025840 0.348672
1 0.030225 0.616836 0.014570 0.156016
