1 0.710259 0.666133 0.010537 0.098359
7 0.465361 0.795859 0.020723 0.406094
7 0.963130 0.537031 0.005752 0.167656
8 0.570117 0.764727 0.027813 0.381484
5 0.572603 0.875625 0.030186 0.245781
7 0.359893 0.702656 0.006484 0.219375
1 0.734727 0.790078 0.013125 0.139375
1 0.753105 0.603125 0.005566 0.056250
1 0.528306 0.665391 0.012490 0.118750
1 0.604072 0.578008 0.010801 0.062109
1 0.717666 0.619961 0.007227 0.077891
1 0.725615 0.632617 0.006641 0.064453
1 0.732881 0.626367 0.005762 0.062266
1 0.740645 0.627656 0.006758 0.059375
1 0.747822 0.627930 0.005625 0.056172
1 0.396616 0.730664 0.040654 0.503203
1 0.771982 0.769062 0.018047 0.192813
3 0.010127 0.488047 0.012676 0.163906
7 0.932559 0.618359 0.011426 0.428750
7 0.943003 0.583945 0.007959 0.290234
