1 0.031484 0.644297 0.018184 0.176406
3 0.343208 0.597266 0.065322 0.305469
1 0.485200 0.588750 0.021416 0.135781
1 0.059399 0.613242 0.014678 0.167578
1 0.574614 0.568750 0.016826 0.130000
7 0.129077 0.687422 0.007314 0.239375
7 0.622461 0.474844 0.002734 0.036719
7 0.990889 0.472344 0.002188 0.040937
7 0.998120 0.472930 0.003643 0.044766
3 0.656675 0.441484 0.022900 0.119688
1 0.404902 0.597539 0.025098 0.151016
2 0.236084 0.593516 0.009531 0.126562
1 0.264600 0.619453 0.007734 0.069375
1 0.989858 0.570352 0.018779 0.171484
3 0.460991 0.542617 0.055654 0.197578
7 0.965688 0.625430 0.008545 0.320547
7 0.928804 0.736680 0.015479 0.496016
1 0.486753 0.860820 0.040928 0.274766
3 0.616143 0.491484 0.035254 0.182344
