1 0.415889 0.536680 0.027051 0.161172
1 0.563887 0.524258 0.025762 0.124297
1 0.334033 0.583984 0.026289 0.130781
1 0.653506 0.517695 0.008750 0.088672
7 0.642529 0.529102 0.004961 0.067891
8 0.627783 0.512188 0.003906 0.050000
1 0.485073 0.803008 0.054482 0.393984
2 0.409346 0.436602 0.041934 0.228828
1 0.296807 0.547695 0.018477 0.093984
1 0.278447 0.561016 0.011406 0.086094
1 0.289956 0.543711 0.009932 0.051484
1 0.300142 0.546250 0.013975 0.098125
3 0.273247 0.509570 0.023506 0.116328
1 0.265439 0.520859 0.013125 0.074688
7 0.658389 0.553008 0.006094 0.102422
7 0.014341 0.542734 0.003936 0.117031
7 0.594307 0.515781 0.003906 0.071875
7 0.459893 0.526484 0.005078 0.120313
7 0.466396 0.527109 0.005664 0.117188
7 0.471572 0.524375 0.004102 0.114844
7 0.475527 0.521641 0.003027 0.112500
7 0.489639 0.526719 0.005859 0.116406
7 0.450293 0.522578 0.005664 0.114062
