1 0.487153 0.684180 0.015322 0.120859
1 0.076704 0.753672 0.030322 0.224063
1 0.363638 0.720430 0.021162 0.108203
1 0.438091 0.695508 0.014854 0.104453
1 0.553438 0.665586 0.024062 0.177734
1 0.308677 0.667148 0.011123 0.099453
1 0.322559 0.652500 0.013008 0.133750
1 0.450103 0.696250 0.022627 0.117344
1 0.913315 0.781680 0.049268 0.462891
1 0.596465 0.844570 0.038340 0.298047
2 0.356113 0.621016 0.022617 0.156094
7 0.665869 0.678242 0.007656 0.316172
7 0.679497 0.690977 0.008643 0.355547
1 0.177822 0.651953 0.016895 0.090313
7 0.932251 0.483672 0.006455 0.146094
1 0.229995 0.692656 0.015225 0.077500
