1 0.040220 0.616289 0.014131 0.111953
1 0.016426 0.545664 0.008984 0.070859
3 0.182656 0.686094 0.128867 0.658750
1 0.994907 0.779453 0.010186 0.361094
3 0.432705 0.650273 0.024180 0.314141
1 0.907056 0.485156 0.015596 0.091406
1 0.459702 0.838633 0.032686 0.225703
1 0.013447 0.800391 0.025918 0.406406
1 0.112124 0.889570 0.063643 0.220859
1 0.060327 0.670039 0.023115 0.218516
1 0.124458 0.815937 0.073682 0.367812
7 0.783613 0.721367 0.015723 0.543047
2 0.340640 0.557109 0.163623 0.884375
1 0.504668 0.776914 0.036426 0.446172
1 0.479497 0.762578 0.014736 0.128906
