7 0.730273 0.370859 0.002734 0.085469
7 0.731284 0.347500 0.001611 0.055469
7 0.732666 0.343281 0.001660 0.054063
3 0.527344 0.563555 0.029492 0.133828
1 0.007402 0.709609 0.014121 0.203594
1 0.070923 0.748828 0.042119 0.407031
1 0.144971 0.836094 0.102246 0.311250
3 0.039395 0.558594 0.045820 0.542188
7 0.315850 0.830078 0.019238 0.339844
7 0.330801 0.925859 0.010684 0.148281
7 0.558643 0.636133 0.005293 0.190547
7 0.721113 0.532656 0.003750 0.155000
7 0.716362 0.572734 0.004971 0.194219
7 0.720884 0.457539 0.003682 0.138047
1 0.995684 0.678281 0.008633 0.277812
7 0.956035 0.644727 0.009199 0.227266
3 0.503916 0.556641 0.017090 0.247969
1 0.503618 0.754336 0.018955 0.242891
