1 0.604082 0.632148 0.018730 0.119766
1 0.600625 0.644258 0.021445 0.139766
1 0.417744 0.527734 0.019668 0.128125
7 0.885337 0.844180 0.006221 0.268828
1 0.501514 0.614531 0.026055 0.139687
1 0.602412 0.609414 0.012695 0.093047
3 0.347090 0.402969 0.041504 0.204531
1 0.382959 0.476953 0.014551 0.110156
8 0.857012 0.155000 0.005703 0.094375
7 0.589956 0.196992 0.004795 0.056172
1 0.031709 0.662305 0.019785 0.179297
1 0.016157 0.562617 0.006553 0.051328
1 0.276514 0.884766 0.121191 0.230469
1 0.102632 0.812305 0.085068 0.368828
7 0.466060 0.791367 0.015068 0.436172
7 0.132944 0.507148 0.004111 0.210234
7 0.893994 0.760625 0.013184 0.472187
3 0.083594 0.492578 0.096484 0.671094
