1 0.442466 0.713203 0.023115 0.154219
1 0.834189 0.570039 0.010234 0.091328
1 0.499507 0.845586 0.029365 0.281172
1 0.443433 0.663633 0.032861 0.232578
1 0.113921 0.452852 0.015752 0.146484
1 0.069624 0.545273 0.032451 0.272578
1 0.023252 0.771289 0.049531 0.462422
1 0.446553 0.659219 0.020684 0.128750
1 0.466797 0.668672 0.020098 0.115625
3 0.422705 0.601602 0.036211 0.292734
3 0.867905 0.517109 0.037451 0.454062
3 0.387007 0.642461 0.043916 0.463047
7 0.878770 0.538984 0.007891 0.157187
7 0.662808 0.720547 0.008057 0.141094
7 0.626001 0.729102 0.008584 0.210703
