7 0.948379 0.626719 0.008359 0.304688
1 0.263135 0.838281 0.085840 0.323438
1 0.208062 0.869414 0.062588 0.261172
1 0.486943 0.658242 0.015156 0.156797
1 0.008740 0.775000 0.017480 0.304688
1 0.510498 0.634688 0.012207 0.194688
1 0.074951 0.732578 0.029004 0.233281
1 0.035342 0.700508 0.024785 0.227578
1 0.006328 0.598750 0.011250 0.102500
1 0.018716 0.575234 0.011396 0.092969
2 0.052720 0.544727 0.025127 0.302734
7 0.895522 0.715703 0.009541 0.481094
7 0.875244 0.699297 0.013555 0.585781
7 0.897427 0.772969 0.030732 0.451406
1 0.134863 0.696328 0.020117 0.284375
7 0.201143 0.724648 0.006719 0.113203
1 0.451890 0.818828 0.045166 0.361094
