1 0.841240 0.632148 0.023184 0.143984
1 0.426934 0.782656 0.045547 0.434062
1 0.472983 0.624141 0.011025 0.100156
1 0.481104 0.512734 0.004004 0.022656
7 0.777607 0.671133 0.016172 0.408984
1 0.803037 0.511367 0.010332 0.066484
1 0.850518 0.582344 0.008848 0.077344
1 0.827441 0.610078 0.007031 0.090781
1 0.841699 0.541523 0.014062 0.042734
1 0.834668 0.531914 0.013867 0.038828
1 0.829321 0.520508 0.008643 0.040234
1 0.817725 0.506445 0.007715 0.041016
1 0.475981 0.519297 0.004229 0.023438
1 0.022598 0.490977 0.004844 0.042578
1 0.484941 0.523750 0.004980 0.035156
