1 0.994365 0.621211 0.012109 0.157266
1 0.142988 0.864844 0.100156 0.270312
7 0.551802 0.596914 0.004580 0.115703
7 0.442676 0.680000 0.005078 0.193125
7 0.522705 0.592969 0.003613 0.110312
7 0.961440 0.525625 0.003193 0.126250
7 0.022046 0.541875 0.003428 0.116094
7 0.449639 0.680078 0.007871 0.125781
7 0.452129 0.675391 0.008555 0.119531
7 0.452900 0.640039 0.003672 0.082422
7 0.456943 0.655703 0.004727 0.126406
7 0.022793 0.544766 0.003633 0.110156
7 0.685928 0.368555 0.002637 0.116484
7 0.487793 0.713477 0.006641 0.303203
