1 0.711821 0.474766 0.009033 0.080312
7 0.072036 0.624727 0.005264 0.148984
7 0.920752 0.512617 0.004395 0.117422
8 0.958193 0.541406 0.005273 0.118750
3 0.732129 0.437266 0.023672 0.160937
7 0.609932 0.707187 0.010020 0.330313
8 0.545210 0.789062 0.017217 0.421875
1 0.512012 0.837500 0.041602 0.325000
1 0.634814 0.604688 0.034473 0.175000
7 0.676860 0.595898 0.009443 0.251641
1 0.690903 0.515117 0.014678 0.111953
1 0.655103 0.540234 0.022881 0.158906
1 0.627568 0.558828 0.027734 0.185156
1 0.579683 0.625547 0.032412 0.173438
7 0.749224 0.432852 0.003193 0.072891
1 0.510063 0.670781 0.035850 0.172500
7 0.416167 0.709023 0.007100 0.242891
1 0.112300 0.644844 0.012217 0.098906
