7 0.069048 0.543320 0.004053 0.095078
8 0.968218 0.570898 0.005166 0.145703
1 0.493765 0.857031 0.032607 0.272813
1 0.503027 0.778711 0.028711 0.190234
1 0.531216 0.641172 0.027861 0.197969
1 0.576128 0.674727 0.018838 0.124453
1 0.613687 0.660000 0.020264 0.110313
1 0.640718 0.653320 0.016592 0.107891
1 0.122725 0.605625 0.022520 0.124531
1 0.061392 0.557500 0.009014 0.085938
1 0.126968 0.592578 0.022100 0.133594
8 0.002612 0.661563 0.005225 0.231094
7 0.057432 0.551797 0.005039 0.117031
8 0.269512 0.547305 0.005000 0.068516
8 0.394561 0.527031 0.006270 0.099219
7 0.507734 0.644727 0.004980 0.110078
7 0.514849 0.640625 0.005283 0.108594
