1 0.053472 0.567813 0.008018 0.073906
1 0.644092 0.660664 0.009668 0.122266
1 0.991646 0.789258 0.016514 0.423984
7 0.234229 0.554805 0.004395 0.099922
7 0.486177 0.629844 0.003213 0.080469
7 0.482383 0.624766 0.002930 0.060938
7 0.312134 0.507812 0.003447 0.105312
7 0.316123 0.505820 0.002871 0.120391
1 0.522559 0.688789 0.027148 0.114609
1 0.007847 0.756602 0.014736 0.458516
1 0.604282 0.667383 0.024385 0.130859
8 0.465381 0.640039 0.010547 0.129297
8 0.570923 0.650391 0.010830 0.172344
7 0.082051 0.608828 0.004668 0.123750
7 0.149980 0.567891 0.004199 0.099844
