7 0.494067 0.586172 0.007002 0.105156
1 0.115981 0.827070 0.082236 0.336016
1 0.508970 0.840039 0.040908 0.286797
1 0.010381 0.796719 0.020371 0.414375
1 0.987236 0.798906 0.025352 0.403906
1 0.019209 0.686953 0.017383 0.181875
1 0.045947 0.749336 0.048262 0.419766
1 0.625962 0.574375 0.024717 0.155938
1 0.658110 0.537578 0.019326 0.114375
7 0.520864 0.617070 0.006025 0.139141
7 0.955596 0.574961 0.005391 0.132578
7 0.285840 0.801719 0.013789 0.401875
8 0.520679 0.612812 0.007080 0.141563
7 0.801284 0.447383 0.005576 0.113203
1 0.604414 0.530977 0.037578 0.246484
