1 0.574932 0.880586 0.062246 0.250859
1 0.986001 0.535117 0.009502 0.088984
1 0.956147 0.795156 0.066338 0.412656
1 0.489233 0.619180 0.012998 0.107734
1 0.491587 0.652578 0.012744 0.154688
1 0.474062 0.603945 0.009082 0.079609
1 0.485942 0.600039 0.013467 0.090703
1 0.609419 0.627656 0.033936 0.127031
1 0.686182 0.933516 0.063438 0.147188
1 0.112915 0.623320 0.026396 0.147266
1 0.051108 0.687813 0.034170 0.259531
3 0.528838 0.585781 0.073281 0.596406
3 0.299595 0.546484 0.244131 0.907031
7 0.889160 0.613437 0.008066 0.141094
7 0.874893 0.644531 0.008789 0.218281
