1 0.650015 0.509648 0.010498 0.067422
1 0.484595 0.795000 0.051514 0.410000
2 0.408672 0.424922 0.039355 0.229219
1 0.537031 0.541992 0.022188 0.115234
1 0.350522 0.562930 0.021787 0.129453
1 0.301802 0.546836 0.014541 0.079922
1 0.321567 0.550117 0.019443 0.099453
3 0.273530 0.511914 0.029463 0.135391
1 0.276270 0.539062 0.013125 0.080938
7 0.645596 0.568711 0.005840 0.111953
7 0.657461 0.553008 0.006094 0.102422
8 0.631963 0.519766 0.005469 0.053125
7 0.996533 0.576016 0.005371 0.179688
7 0.566641 0.518437 0.003906 0.071875
7 0.458330 0.528438 0.005078 0.120313
7 0.465449 0.527813 0.005664 0.117188
7 0.471572 0.524375 0.004102 0.114844
7 0.474795 0.522500 0.003027 0.112500
7 0.487383 0.526719 0.005859 0.116406
7 0.448760 0.523672 0.005664 0.114063
