1 0.340776 0.674687 0.020303 0.116875
7 0.984917 0.577500 0.005283 0.153438
7 0.969629 0.685703 0.008848 0.301406
7 0.632212 0.778438 0.024561 0.443125
7 0.525913 0.617539 0.004189 0.138828
7 0.540103 0.650703 0.007842 0.242969
1 0.813320 0.593398 0.037383 0.390078
1 0.743667 0.517031 0.018525 0.214844
1 0.795117 0.525312 0.017754 0.167500
1 0.784033 0.466875 0.010898 0.112500
1 0.747061 0.467148 0.009844 0.145859
1 0.171699 0.625508 0.017070 0.101641
1 0.024878 0.592617 0.014248 0.143359
1 0.006240 0.565312 0.009375 0.080156
1 0.477622 0.713242 0.018447 0.184453
1 0.102993 0.856719 0.071963 0.286563
2 0.017363 0.488984 0.010547 0.175469
