1 0.453379 0.526914 0.011387 0.090547
1 0.245850 0.619453 0.031035 0.174531
1 0.616406 0.555156 0.016504 0.085313
1 0.384766 0.537578 0.020371 0.108594
1 0.531348 0.598437 0.030039 0.213438
1 0.257246 0.553359 0.011113 0.099375
1 0.267500 0.561914 0.011094 0.109766
1 0.979858 0.687461 0.016357 0.133203
1 0.925376 0.835508 0.039717 0.332734
1 0.618359 0.799414 0.037480 0.329922
2 0.282036 0.503633 0.014834 0.141797
7 0.785898 0.759727 0.011367 0.403984
1 0.136055 0.640664 0.016895 0.090234
7 0.921860 0.630313 0.006455 0.146094
