7 0.937148 0.570391 0.004023 0.220625
7 0.432944 0.645352 0.010479 0.175078
7 0.413252 0.634883 0.006074 0.102734
1 0.983022 0.592773 0.018135 0.251172
7 0.864043 0.659687 0.012480 0.568594
7 0.841035 0.722266 0.020273 0.555469
7 0.929526 0.587266 0.006162 0.235313
3 0.536650 0.484531 0.082246 0.468594
2 0.464258 0.637109 0.004297 0.091406
7 0.099043 0.619141 0.006250 0.183594
5 0.079033 0.629883 0.012930 0.100391
5 0.053696 0.598047 0.008252 0.061094
7 0.403164 0.612773 0.003633 0.113516
7 0.316494 0.661289 0.006133 0.175547
7 0.391069 0.636172 0.003994 0.144219
7 0.363647 0.627461 0.002334 0.098203
