1 0.713726 0.468789 0.043389 0.216953
1 0.798032 0.437891 0.020498 0.103594
1 0.777373 0.399687 0.016055 0.083594
1 0.684067 0.466758 0.011904 0.159453
7 0.522324 0.595938 0.003711 0.122656
7 0.479854 0.591406 0.002988 0.054688
7 0.472700 0.591367 0.002314 0.057891
7 0.463335 0.594805 0.002354 0.058203
1 0.825215 0.467578 0.027910 0.175469
1 0.121514 0.840430 0.077363 0.316328
1 0.007607 0.644414 0.014355 0.178672
1 0.040073 0.581602 0.008857 0.066328
7 0.972397 0.566289 0.002080 0.099766
7 0.975942 0.559961 0.002998 0.115234
1 0.848325 0.531055 0.052256 0.334609
1 0.030054 0.635742 0.020010 0.180859
7 0.303262 0.703906 0.005781 0.158125
1 0.488999 0.579492 0.007275 0.085547
