1 0.468979 0.642930 0.011963 0.094922
1 0.275288 0.659492 0.009170 0.089297
1 0.264277 0.660977 0.010938 0.090078
1 0.442637 0.676484 0.014727 0.124062
1 0.288853 0.646719 0.013740 0.095312
1 0.477358 0.630859 0.013799 0.076719
1 0.418779 0.751055 0.035684 0.267734
1 0.019912 0.586523 0.011035 0.092578
1 0.185879 0.817187 0.074922 0.365625
1 0.038574 0.658047 0.020859 0.185625
3 0.092739 0.572305 0.089385 0.488203
7 0.550454 0.665156 0.007373 0.207656
2 0.034092 0.511172 0.019238 0.235156
1 0.103945 0.776289 0.077988 0.440703
1 0.492007 0.645391 0.008506 0.070000
1 0.506069 0.649531 0.009775 0.074531
1 0.498081 0.596680 0.005732 0.045859
