1 0.576626 0.504844 0.017764 0.103906
1 0.440894 0.630977 0.026572 0.136953
1 0.446885 0.570430 0.018262 0.099141
3 0.354199 0.593906 0.126758 0.371562
3 0.390674 0.596992 0.056621 0.408047
7 0.936240 0.685312 0.010645 0.390313
1 0.102148 0.786484 0.056934 0.371094
1 0.989883 0.574766 0.018516 0.161562
1 0.485874 0.833672 0.037217 0.324844
1 0.014717 0.635859 0.019824 0.158906
1 0.027739 0.824727 0.050420 0.354766
7 0.066748 0.541562 0.005469 0.152656
7 0.970415 0.610430 0.007881 0.252578
3 0.613716 0.469297 0.031338 0.188906
