1 0.389868 0.697578 0.018994 0.141562
1 0.420928 0.700977 0.011934 0.145859
7 0.023140 0.607656 0.003916 0.120937
7 0.494775 0.589922 0.002246 0.109375
7 0.735078 0.493867 0.003027 0.114141
8 0.974106 0.577266 0.003057 0.086406
5 0.974150 0.598984 0.003223 0.053125
1 0.607910 0.570312 0.034570 0.240625
1 0.012617 0.641602 0.019004 0.176953
7 0.522793 0.780352 0.014414 0.446797
7 0.718345 0.656328 0.013135 0.459219
7 0.952822 0.584258 0.005859 0.167578
7 0.096118 0.705117 0.007529 0.286641
7 0.045747 0.644531 0.006240 0.214531
7 0.414492 0.700000 0.005762 0.228281
5 0.422637 0.796836 0.009980 0.163984
8 0.422207 0.707539 0.009512 0.221797
7 0.494600 0.580156 0.002539 0.102500
7 0.496973 0.574375 0.002012 0.085938
7 0.754736 0.448672 0.002637 0.079219
5 0.830098 0.474727 0.004082 0.070078
8 0.830049 0.429844 0.004121 0.112656
