8 0.075234 0.548828 0.006523 0.214844
2 0.611025 0.610781 0.021719 0.128125
1 0.543608 0.634648 0.009229 0.060703
1 0.986260 0.488516 0.024277 0.198906
1 0.285586 0.819141 0.115898 0.361719
1 0.419526 0.794219 0.025068 0.290000
7 0.712388 0.800547 0.025967 0.398906
7 0.614014 0.678203 0.006973 0.232500
1 0.003452 0.538945 0.006904 0.153672
1 0.044009 0.585547 0.020771 0.180469
1 0.898735 0.780469 0.097588 0.439063
7 0.951729 0.471719 0.007363 0.180781
1 0.948574 0.771953 0.044902 0.456094
8 0.964326 0.594258 0.010801 0.289297
1 0.988901 0.602539 0.022197 0.241172
1 0.449893 0.653359 0.015898 0.249375
1 0.460952 0.680039 0.013232 0.079297
1 0.462412 0.671133 0.012031 0.076953
