1 0.025449 0.644141 0.033652 0.198125
1 0.475313 0.675508 0.015820 0.243359
1 0.488306 0.613633 0.009893 0.096328
7 0.865376 0.764102 0.013779 0.471797
7 0.186445 0.712148 0.005371 0.188828
7 0.191411 0.703203 0.005381 0.182031
1 0.074634 0.687852 0.037646 0.252422
7 0.542314 0.606445 0.005508 0.165391
7 0.182612 0.708594 0.004873 0.179688
1 0.136436 0.653750 0.016797 0.113281
1 0.104985 0.841211 0.066533 0.317578
1 0.015278 0.566016 0.008857 0.066094
2 0.370469 0.499102 0.195703 0.997891
7 0.985479 0.578672 0.003945 0.139531
3 0.519463 0.566094 0.018652 0.260469
