1 0.988066 0.558867 0.018437 0.176953
1 0.383955 0.628984 0.021621 0.133594
1 0.351064 0.614531 0.022832 0.152188
1 0.489302 0.537227 0.020557 0.161484
7 0.220640 0.817227 0.009033 0.361797
7 0.862197 0.746719 0.013652 0.497031
7 0.693384 0.747383 0.019951 0.491797
1 0.486753 0.860820 0.040928 0.274766
1 0.465933 0.632656 0.027119 0.173906
7 0.438511 0.607148 0.023740 0.122891
1 0.291104 0.634961 0.010293 0.076953
2 0.314639 0.611406 0.014668 0.155313
1 0.330977 0.631250 0.016641 0.121875
3 0.613428 0.491875 0.034082 0.175625
1 0.280820 0.630625 0.007617 0.058594
7 0.615034 0.552695 0.005459 0.133047
