7 0.739844 0.434141 0.004102 0.162031
7 0.934004 0.698047 0.010000 0.325781
1 0.344082 0.807422 0.128184 0.385156
7 0.536582 0.780742 0.012285 0.378047
7 0.954517 0.647930 0.006514 0.229297
1 0.113198 0.825898 0.068135 0.348203
1 0.019897 0.819805 0.039756 0.359922
1 0.056104 0.792969 0.045801 0.414062
1 0.013154 0.599727 0.025195 0.080547
7 0.198765 0.685156 0.006279 0.170937
7 0.513882 0.564766 0.002646 0.058594
7 0.622847 0.533242 0.006865 0.272578
7 0.652539 0.461406 0.005020 0.169375
5 0.675894 0.451914 0.014248 0.086953
