1 0.285522 0.857187 0.071123 0.269688
1 0.502754 0.631289 0.012930 0.119297
1 0.468442 0.697695 0.027236 0.232109
1 0.460171 0.663594 0.016787 0.152813
1 0.366143 0.803203 0.053848 0.335469
1 0.874014 0.487148 0.020215 0.104453
1 0.048735 0.650078 0.018350 0.154687
1 0.021641 0.595234 0.014336 0.123281
1 0.443296 0.841367 0.045029 0.308203
1 0.193423 0.784883 0.146748 0.436328
1 0.434297 0.703906 0.016855 0.139375
1 0.857437 0.451250 0.017295 0.101250
2 0.842671 0.418125 0.021240 0.129375
1 0.498887 0.865625 0.041855 0.268750
2 0.012671 0.485078 0.008779 0.127031
1 0.005767 0.522227 0.006924 0.049922
