7 0.037187 0.501641 0.002344 0.051563
7 0.024746 0.520234 0.002148 0.065781
1 0.598071 0.646641 0.018076 0.102656
1 0.590874 0.660820 0.022705 0.129922
1 0.440488 0.549102 0.025664 0.135234
1 0.384658 0.469648 0.015488 0.100547
7 0.587441 0.192656 0.003398 0.037500
5 0.742988 0.129648 0.010449 0.085859
8 0.742866 0.083906 0.006807 0.151563
1 0.102070 0.805000 0.084844 0.387187
1 0.044380 0.724063 0.033877 0.312656
1 0.055596 0.587969 0.017012 0.215469
3 0.205767 0.519258 0.286338 0.960703
1 0.273589 0.895664 0.121338 0.208672
7 0.353945 0.476016 0.003398 0.105000
7 0.906514 0.219570 0.004395 0.122734
7 0.982490 0.611563 0.005820 0.181719
7 0.887427 0.846836 0.007939 0.285078
7 0.895859 0.756563 0.010918 0.486875
