7 0.043691 0.497500 0.002344 0.051563
1 0.599102 0.636133 0.016641 0.104922
1 0.506226 0.615391 0.028232 0.152969
1 0.436758 0.537578 0.025371 0.134375
7 0.599492 0.162266 0.003398 0.037500
5 0.807246 0.144258 0.013086 0.072109
8 0.806914 0.101367 0.006797 0.128516
1 0.101948 0.805000 0.084600 0.387187
1 0.044302 0.724063 0.033721 0.312656
1 0.055596 0.587969 0.017012 0.215469
3 0.205000 0.521914 0.284805 0.955391
1 0.272803 0.895664 0.119766 0.208672
7 0.353945 0.476016 0.003398 0.105000
7 0.916406 0.253867 0.004395 0.112734
7 0.983647 0.596797 0.005088 0.167812
7 0.898574 0.754453 0.010684 0.486875
