1 0.384468 0.695820 0.020693 0.145234
1 0.421680 0.696250 0.023359 0.168750
2 0.010249 0.543984 0.020498 0.238281
7 0.020405 0.605273 0.004014 0.120078
7 0.489453 0.596289 0.002246 0.118672
7 0.736875 0.495000 0.003027 0.111719
7 0.988340 0.580664 0.002148 0.091016
8 0.973018 0.578437 0.004355 0.096094
5 0.972642 0.606758 0.003525 0.061953
1 0.601709 0.569258 0.032715 0.233359
1 0.006074 0.615156 0.011777 0.143125
7 0.546055 0.783672 0.014824 0.443750
7 0.696709 0.705664 0.018613 0.508984
7 0.950029 0.592461 0.005664 0.155078
7 0.079849 0.682461 0.007119 0.234766
7 0.037178 0.636875 0.005488 0.195312
7 0.409043 0.704688 0.005547 0.231875
5 0.405000 0.758594 0.008555 0.126563
8 0.404873 0.699336 0.007930 0.198672
7 0.493271 0.580273 0.002285 0.092422
7 0.754253 0.453672 0.002744 0.082187
5 0.833408 0.466758 0.004102 0.069141
8 0.833662 0.425352 0.003867 0.106641
