7 0.402930 0.560156 0.003516 0.215625
7 0.665293 0.510156 0.003047 0.096875
1 0.674805 0.509766 0.002148 0.052344
1 0.647168 0.466797 0.012012 0.065625
1 0.820298 0.651875 0.010166 0.045937
1 0.966816 0.594688 0.015820 0.104375
5 0.938696 0.787734 0.005869 0.113750
7 0.938711 0.677656 0.004922 0.100313
7 0.907432 0.754805 0.006934 0.294609
7 0.977490 0.608125 0.002090 0.124687
7 0.533257 0.520859 0.004736 0.168438
7 0.538516 0.508047 0.004102 0.186250
1 0.490244 0.433359 0.006074 0.058125
1 0.373906 0.618398 0.020605 0.114922
1 0.399395 0.623125 0.019629 0.110156
1 0.421025 0.579375 0.012695 0.052344
