1 0.505767 0.541484 0.013467 0.090000
1 0.385913 0.481914 0.013701 0.079453
1 0.462036 0.736602 0.025498 0.237891
1 0.069043 0.819648 0.058008 0.360703
7 0.397935 0.571758 0.006514 0.171016
7 0.114429 0.562930 0.005439 0.161016
7 0.183926 0.534414 0.006699 0.206641
7 0.209248 0.561875 0.004062 0.228594
7 0.138057 0.545781 0.007285 0.167656
7 0.593926 0.728164 0.007090 0.429922
1 0.447666 0.499219 0.016191 0.089062
1 0.525718 0.598047 0.018623 0.100469
1 0.536641 0.567422 0.015586 0.092031
3 0.022739 0.516445 0.015068 0.187422
1 0.409648 0.498867 0.013848 0.076641
7 0.928208 0.393867 0.003838 0.076328
3 0.029707 0.511875 0.008125 0.130000
