1 0.689951 0.501875 0.015508 0.106406
7 0.486108 0.583633 0.005889 0.113203
7 0.500977 0.594023 0.006582 0.104922
8 0.504072 0.592539 0.008301 0.096484
1 0.101226 0.821836 0.070225 0.349297
1 0.508516 0.875430 0.039590 0.233203
1 0.011479 0.796641 0.023330 0.392813
1 0.987524 0.800820 0.024678 0.391797
1 0.007886 0.636836 0.014521 0.170391
1 0.035879 0.710859 0.041563 0.357812
1 0.626631 0.577461 0.025430 0.150547
1 0.648257 0.545430 0.018271 0.114922
7 0.513540 0.596367 0.005615 0.102734
7 0.955820 0.590977 0.006406 0.207422
7 0.215630 0.795195 0.013115 0.410234
8 0.512998 0.594531 0.006895 0.095156
7 0.786353 0.453984 0.005576 0.113438
1 0.604517 0.527891 0.036416 0.252031
