1 0.988413 0.551914 0.016865 0.184766
7 0.484429 0.787148 0.018584 0.425703
8 0.615186 0.506211 0.006504 0.138359
7 0.591909 0.608672 0.008701 0.258438
1 0.005400 0.612305 0.010801 0.150859
1 0.441689 0.751836 0.034258 0.289297
1 0.790996 0.821445 0.145332 0.357109
7 0.916460 0.586406 0.011768 0.387656
1 0.912822 0.796758 0.082246 0.404297
8 0.954336 0.676445 0.012246 0.347891
1 0.989731 0.626289 0.020537 0.316328
1 0.458853 0.597461 0.015068 0.183672
1 0.470298 0.613125 0.013232 0.079375
1 0.472495 0.618398 0.012021 0.076953
