1 0.549160 0.588789 0.019316 0.107578
1 0.595840 0.621016 0.018828 0.117656
7 0.247969 0.546523 0.006582 0.196172
7 0.197095 0.544258 0.007822 0.229297
7 0.100308 0.521445 0.002002 0.115703
7 0.110522 0.524180 0.004053 0.137891
7 0.076138 0.525234 0.002451 0.088594
7 0.087651 0.511641 0.001494 0.105469
7 0.090967 0.517500 0.002520 0.105156
7 0.086118 0.511562 0.001670 0.100469
1 0.006284 0.660273 0.011650 0.111172
1 0.025874 0.617148 0.019131 0.152578
1 0.503716 0.559336 0.019346 0.129609
1 0.393848 0.477578 0.017949 0.114375
8 0.351865 0.510078 0.006270 0.128281
5 0.350957 0.611641 0.013320 0.122031
1 0.056719 0.764102 0.039512 0.358203
1 0.036670 0.539687 0.007129 0.058594
