7 0.411704 0.752188 0.006846 0.254687
1 0.721851 0.599141 0.010498 0.160781
2 0.476387 0.572617 0.025117 0.424609
7 0.374277 0.776875 0.007168 0.291250
1 0.013501 0.800234 0.027256 0.395469
1 0.241104 0.718711 0.016973 0.165703
1 0.986357 0.598594 0.017305 0.201719
3 0.847710 0.501016 0.253857 0.997969
1 0.530005 0.701172 0.025146 0.172656
3 0.517490 0.567695 0.012246 0.205547
1 0.498564 0.757344 0.025410 0.295469
2 0.501880 0.544727 0.012510 0.152891
1 0.993857 0.845586 0.012285 0.308828
1 0.023828 0.607500 0.016699 0.165000
