7 0.415190 0.703867 0.008486 0.284453
5 0.632510 0.810469 0.012969 0.265312
7 0.898037 0.467187 0.004668 0.178125
7 0.497505 0.635156 0.005498 0.171875
7 0.503228 0.620469 0.005850 0.168438
7 0.609590 0.496445 0.002734 0.064922
7 0.634551 0.513516 0.001855 0.060156
7 0.584868 0.538555 0.005283 0.111953
8 0.634849 0.740938 0.016377 0.430625
7 0.339575 0.582266 0.004053 0.171406
7 0.296611 0.573906 0.003242 0.077656
7 0.306968 0.562070 0.003604 0.095703
7 0.894351 0.465664 0.004326 0.199922
7 0.901851 0.472305 0.003467 0.184453
