1 0.651064 0.488906 0.005469 0.041406
7 0.894209 0.772422 0.015234 0.414219
7 0.364014 0.582422 0.004395 0.183594
7 0.658149 0.512109 0.003018 0.107813
1 0.964326 0.607227 0.017363 0.108984
7 0.995059 0.601250 0.001875 0.101250
7 0.016948 0.559727 0.001904 0.047578
8 0.569531 0.461484 0.009180 0.199219
7 0.534443 0.506719 0.002715 0.166094
7 0.539702 0.488281 0.004404 0.176562
5 0.895068 0.910156 0.019473 0.170625
1 0.490244 0.433359 0.006074 0.058125
1 0.373906 0.618398 0.020605 0.114922
1 0.399395 0.623125 0.019629 0.110156
1 0.421025 0.579375 0.012695 0.052344
