7 0.957534 0.524141 0.004697 0.151563
7 0.942344 0.595000 0.007617 0.251250
1 0.451406 0.783398 0.021172 0.228516
1 0.480742 0.717891 0.016289 0.195469
1 0.493096 0.618711 0.010937 0.144141
1 0.013418 0.757461 0.026465 0.384609
7 0.118828 0.647812 0.005781 0.204688
8 0.142749 0.685625 0.007783 0.253750
5 0.142471 0.762109 0.013379 0.161719
1 0.069155 0.540469 0.012412 0.066094
1 0.128462 0.543203 0.012803 0.068437
1 0.014619 0.516563 0.007656 0.074062
1 0.095024 0.557266 0.012139 0.065156
1 0.045713 0.625742 0.018574 0.138984
3 0.559727 0.638203 0.074785 0.722813
1 0.507227 0.715195 0.016836 0.195391
