1 0.504419 0.633555 0.013330 0.091484
1 0.489180 0.629180 0.011953 0.125078
1 0.479434 0.714727 0.016387 0.154453
1 0.468721 0.613242 0.018809 0.170234
1 0.454629 0.669570 0.015039 0.100703
1 0.254429 0.865156 0.072939 0.305312
2 0.406362 0.600625 0.046826 0.343438
1 0.129126 0.824648 0.060166 0.336484
1 0.048740 0.758477 0.034980 0.334141
1 0.502524 0.790469 0.030947 0.341719
1 0.365117 0.820664 0.122422 0.346797
7 0.948784 0.488945 0.002900 0.073203
1 0.066328 0.675078 0.025176 0.226250
3 0.005820 0.510078 0.011406 0.309688
2 0.021865 0.481367 0.014180 0.241484
