7 0.786128 0.892031 0.014072 0.215938
1 0.363184 0.456445 0.012070 0.077422
7 0.951846 0.449414 0.002852 0.052422
1 0.570063 0.575742 0.013389 0.064141
1 0.420947 0.829570 0.070605 0.340859
1 0.103662 0.821680 0.086621 0.348047
7 0.389028 0.605156 0.007471 0.254062
7 0.093076 0.535820 0.004863 0.131016
7 0.146426 0.519883 0.005059 0.206641
7 0.159121 0.540039 0.004062 0.228672
7 0.110586 0.530742 0.006562 0.140703
7 0.762852 0.758203 0.016484 0.483594
1 0.375166 0.434453 0.014219 0.059531
1 0.542231 0.570781 0.016045 0.087656
3 0.026279 0.510859 0.020586 0.215781
1 0.445269 0.534023 0.019951 0.092734
