1 0.493564 0.869687 0.036602 0.259687
1 0.499277 0.739336 0.028008 0.188828
1 0.554077 0.626094 0.024736 0.174375
1 0.587090 0.666758 0.020215 0.098984
1 0.614458 0.653672 0.018115 0.094219
1 0.637163 0.652070 0.015713 0.095547
1 0.041499 0.585273 0.009170 0.065234
1 0.060259 0.557500 0.009014 0.085938
1 0.128701 0.599023 0.022891 0.131172
8 0.031333 0.601797 0.006729 0.108750
7 0.081401 0.581133 0.005654 0.131484
8 0.327476 0.524609 0.006221 0.117812
8 0.466836 0.639531 0.007070 0.172500
7 0.483916 0.630039 0.004980 0.101328
7 0.487300 0.630391 0.004111 0.099375
