1 0.480483 0.739023 0.028506 0.182578
1 0.904648 0.552930 0.009707 0.089609
1 0.988066 0.836328 0.024023 0.319844
1 0.429072 0.615898 0.013945 0.104609
1 0.434438 0.620430 0.011377 0.123828
1 0.533345 0.849453 0.039170 0.299219
1 0.121250 0.547773 0.021699 0.146172
1 0.063477 0.664727 0.035137 0.295703
1 0.021934 0.824609 0.042734 0.337969
1 0.508516 0.633203 0.022344 0.122656
3 0.456982 0.588242 0.053184 0.356172
3 0.946323 0.518789 0.034365 0.360859
3 0.371230 0.632188 0.054355 0.700625
7 0.760200 0.686484 0.008057 0.141094
7 0.727109 0.689961 0.008789 0.218203
