7 0.493408 0.582539 0.006719 0.105547
7 0.570122 0.619687 0.005576 0.203750
1 0.112798 0.823359 0.077412 0.343906
1 0.508657 0.859219 0.039854 0.279219
1 0.010625 0.792305 0.020859 0.421953
1 0.988296 0.793945 0.024072 0.401328
1 0.020142 0.663828 0.018115 0.165156
1 0.046089 0.748203 0.048408 0.422813
1 0.626211 0.572500 0.024980 0.154062
1 0.655918 0.537422 0.019824 0.121094
7 0.519136 0.628242 0.006064 0.149766
7 0.955806 0.575820 0.005537 0.146484
7 0.280547 0.794063 0.013828 0.411406
8 0.519419 0.605547 0.007139 0.134844
7 0.800244 0.447773 0.005566 0.113203
1 0.604424 0.530781 0.037500 0.246875
