1 0.505957 0.619023 0.011074 0.083984
1 0.491924 0.609648 0.009316 0.096953
1 0.482959 0.677695 0.015937 0.157734
1 0.090742 0.784102 0.055430 0.378047
1 0.448125 0.668047 0.019551 0.134687
1 0.146699 0.857344 0.079434 0.251563
1 0.474399 0.651680 0.016904 0.137891
1 0.309668 0.748047 0.018379 0.156250
1 0.059463 0.671328 0.021270 0.175469
1 0.036396 0.706055 0.026211 0.243984
1 0.504004 0.750117 0.027656 0.288828
1 0.377744 0.813008 0.105488 0.352578
3 0.006040 0.519219 0.011475 0.262031
2 0.020762 0.479961 0.010918 0.206797
