1 0.019048 0.596914 0.016533 0.101641
1 0.974243 0.605039 0.016006 0.113203
1 0.011768 0.588477 0.023535 0.203672
1 0.226543 0.678789 0.029844 0.156953
1 0.955923 0.564453 0.010850 0.098906
1 0.204429 0.602773 0.017139 0.114453
1 0.165547 0.619336 0.020293 0.104297
1 0.539395 0.624805 0.013145 0.135234
1 0.115908 0.601445 0.018125 0.093672
3 0.548228 0.564141 0.013096 0.124844
1 0.103652 0.578203 0.019336 0.093906
1 0.781455 0.673320 0.018809 0.118203
1 0.057813 0.592656 0.025840 0.141719
1 0.525493 0.658164 0.022451 0.259297
7 0.904507 0.564844 0.008018 0.220313
