1 0.460356 0.674258 0.018545 0.202891
1 0.476841 0.567813 0.011377 0.090000
1 0.464419 0.612695 0.015557 0.117422
1 0.469316 0.598555 0.012520 0.110859
7 0.424824 0.677656 0.005859 0.202188
7 0.783887 0.737227 0.016699 0.472891
7 0.039780 0.514180 0.003057 0.087266
7 0.726499 0.472109 0.005010 0.130469
5 0.925361 0.564141 0.010566 0.084375
5 0.923418 0.562812 0.007852 0.083437
6 0.968955 0.559688 0.003027 0.073750
7 0.966392 0.484766 0.004326 0.099219
8 0.969272 0.524609 0.003643 0.150000
7 0.804268 0.481953 0.003398 0.062188
7 0.717188 0.449609 0.003516 0.106875
1 0.481113 0.601328 0.009629 0.083125
