7 0.491226 0.603672 0.004072 0.093437
7 0.464956 0.622695 0.004561 0.132266
1 0.733882 0.661602 0.058018 0.347891
1 0.038408 0.724063 0.023047 0.213281
1 0.023091 0.605469 0.010068 0.116094
1 0.012275 0.778125 0.024551 0.393594
7 0.220444 0.766719 0.011377 0.375938
1 0.281948 0.887891 0.102568 0.224219
3 0.524268 0.560547 0.020684 0.280469
3 0.503652 0.529453 0.010039 0.103594
1 0.504160 0.680078 0.015430 0.187344
1 0.953638 0.780430 0.052002 0.425547
7 0.807964 0.744648 0.014658 0.423828
1 0.863750 0.609453 0.040039 0.299531
1 0.897300 0.606211 0.028154 0.189922
1 0.921406 0.588672 0.020977 0.152969
3 0.994229 0.506445 0.011309 0.171016
7 0.809438 0.752109 0.015518 0.411094
