7 0.898960 0.452812 0.002959 0.078437
3 0.448403 0.583320 0.077627 0.397891
1 0.625547 0.540859 0.006914 0.097031
7 0.114976 0.639141 0.003955 0.096406
8 0.097852 0.633047 0.008730 0.120937
2 0.739927 0.388281 0.005830 0.081875
7 0.884111 0.450703 0.005566 0.121094
8 0.910713 0.446484 0.005273 0.114219
7 0.503999 0.650117 0.011338 0.124453
8 0.545210 0.789062 0.017217 0.421875
1 0.512012 0.837500 0.041602 0.325000
1 0.733628 0.447813 0.007881 0.062500
7 0.713799 0.541484 0.005898 0.188750
1 0.672344 0.529844 0.017520 0.114844
1 0.638311 0.562070 0.024668 0.173516
1 0.609009 0.582383 0.030205 0.194453
1 0.556860 0.639063 0.030830 0.175625
7 0.750508 0.429023 0.003203 0.072891
1 0.067422 0.831602 0.069043 0.312266
1 0.049761 0.613633 0.017979 0.085234
