1 0.758105 0.624219 0.006387 0.052031
1 0.780981 0.746367 0.016885 0.184141
7 0.595020 0.650508 0.006074 0.158984
1 0.742661 0.788008 0.014385 0.133672
1 0.727412 0.678203 0.007266 0.088281
1 0.715044 0.676367 0.009229 0.082109
1 0.750396 0.631602 0.005908 0.048516
1 0.743086 0.630547 0.006270 0.047188
1 0.735479 0.626836 0.006367 0.057422
1 0.728252 0.626914 0.006445 0.053984
1 0.721064 0.625781 0.008105 0.057188
1 0.752744 0.598750 0.006621 0.042031
1 0.746147 0.596836 0.006162 0.041484
1 0.739609 0.597969 0.005391 0.042031
1 0.521431 0.750273 0.021787 0.249453
1 0.501108 0.708477 0.022334 0.159922
