1 0.409248 0.803320 0.046484 0.347266
1 0.014336 0.568594 0.009902 0.082812
1 0.502090 0.638359 0.011934 0.122656
1 0.473291 0.702344 0.023262 0.228437
1 0.873496 0.486914 0.019961 0.104453
1 0.072480 0.722539 0.028242 0.257422
1 0.025938 0.622734 0.018359 0.156406
1 0.445425 0.835078 0.042334 0.328906
1 0.218999 0.795898 0.151357 0.415703
1 0.857437 0.451250 0.017295 0.101250
2 0.842671 0.418125 0.021240 0.129375
1 0.498887 0.865625 0.041855 0.268750
2 0.013081 0.484336 0.009131 0.128516
1 0.005767 0.527227 0.006924 0.049922
