1 0.493555 0.870430 0.036836 0.258828
1 0.498364 0.730898 0.027646 0.188516
1 0.552002 0.625820 0.024570 0.174297
1 0.584648 0.663164 0.020293 0.097422
1 0.612544 0.651328 0.018115 0.094219
1 0.635405 0.650469 0.015713 0.092813
1 0.041133 0.583789 0.009160 0.065234
1 0.059634 0.557969 0.009014 0.085938
1 0.129175 0.600781 0.023115 0.130469
8 0.031172 0.601953 0.006367 0.105000
7 0.083164 0.583711 0.005645 0.135703
8 0.331387 0.525586 0.006211 0.117734
8 0.473311 0.641875 0.007070 0.172500
7 0.481489 0.628008 0.004971 0.101328
7 0.485015 0.628086 0.004111 0.098516
