1 0.068213 0.831641 0.068066 0.336719
1 0.445190 0.700586 0.037158 0.207266
2 0.077563 0.587148 0.029639 0.183672
7 0.001123 0.588516 0.002246 0.097969
1 0.018862 0.601953 0.016494 0.090313
1 0.593535 0.671094 0.042676 0.243125
7 0.515234 0.552656 0.002148 0.050000
7 0.482930 0.610313 0.004141 0.136406
7 0.742705 0.479375 0.003027 0.102969
7 0.960342 0.553164 0.002148 0.089922
7 0.972080 0.560195 0.002480 0.082891
8 0.977515 0.640039 0.007119 0.175234
5 0.977832 0.707617 0.006836 0.165703
1 0.544526 0.628359 0.043174 0.282813
7 0.664141 0.697695 0.012266 0.428047
7 0.536118 0.798242 0.015400 0.402422
7 0.938618 0.556797 0.003545 0.119844
7 0.042637 0.621641 0.005547 0.160469
7 0.014551 0.600117 0.004141 0.128516
7 0.398667 0.707109 0.005205 0.245156
7 0.482959 0.601680 0.002910 0.109141
7 0.753276 0.469727 0.003096 0.091953
5 0.846890 0.436953 0.004209 0.042656
8 0.847026 0.402539 0.002666 0.077109
