1 0.022788 0.786758 0.034014 0.406016
3 0.457671 0.542812 0.092939 0.396875
1 0.331851 0.663125 0.021475 0.122656
1 0.315977 0.624219 0.019180 0.123906
1 0.044941 0.559492 0.008926 0.096016
7 0.605225 0.681250 0.011680 0.356563
7 0.120063 0.669727 0.006104 0.232578
7 0.990327 0.472109 0.002178 0.040937
7 0.998120 0.472930 0.003643 0.044766
3 0.656714 0.414258 0.030166 0.211641
1 0.566826 0.521133 0.022187 0.178828
1 0.358926 0.632695 0.021738 0.138828
2 0.248516 0.593125 0.010313 0.126563
1 0.289873 0.626055 0.008457 0.065078
1 0.989609 0.572305 0.019102 0.169922
7 0.970142 0.629961 0.008096 0.258203
7 0.933940 0.727930 0.016318 0.486328
1 0.486753 0.860820 0.040928 0.274766
3 0.615586 0.492734 0.035254 0.182344
