1 0.520386 0.669141 0.012432 0.119531
1 0.572178 0.598750 0.016387 0.110156
1 0.494644 0.635078 0.016885 0.105000
7 0.699648 0.493242 0.004961 0.091016
7 0.383730 0.777539 0.011738 0.382422
7 0.859985 0.757656 0.024580 0.484688
1 0.647935 0.539531 0.009658 0.100937
1 0.691704 0.497656 0.011006 0.095000
7 0.647041 0.545664 0.004746 0.109922
8 0.534482 0.643242 0.005703 0.139766
1 0.634932 0.550859 0.016543 0.132969
1 0.493516 0.625859 0.013301 0.094062
7 0.507910 0.638008 0.004258 0.129453
7 0.561963 0.622070 0.006152 0.129297
1 0.552739 0.601055 0.017061 0.090078
1 0.583579 0.589258 0.012666 0.084766
7 0.020352 0.648398 0.004492 0.160859
1 0.610181 0.559648 0.018213 0.126016
