1 0.559180 0.588477 0.017168 0.108828
1 0.596914 0.615859 0.017305 0.106406
7 0.265454 0.542500 0.006592 0.192344
7 0.214897 0.549922 0.008096 0.231094
7 0.104053 0.523438 0.002363 0.128281
7 0.115356 0.525938 0.004053 0.149219
7 0.076138 0.525234 0.002451 0.088594
7 0.089585 0.516641 0.001357 0.105469
7 0.092178 0.520000 0.002520 0.105156
7 0.088320 0.514336 0.001660 0.100391
1 0.007593 0.638437 0.013545 0.115156
1 0.023657 0.600313 0.014932 0.115313
1 0.515229 0.565742 0.019170 0.124453
1 0.388906 0.470469 0.016602 0.105312
8 0.355728 0.510703 0.006104 0.119062
5 0.355801 0.611172 0.012832 0.115469
1 0.046387 0.730078 0.030176 0.272656
1 0.039248 0.538828 0.009082 0.065469
