7 0.490591 0.605742 0.004170 0.096328
7 0.464546 0.623008 0.004561 0.132266
1 0.740269 0.662461 0.060088 0.355234
1 0.035664 0.701914 0.020273 0.189922
1 0.022388 0.600508 0.009326 0.109453
1 0.012344 0.780430 0.024688 0.393516
7 0.210820 0.674531 0.011367 0.210313
1 0.224463 0.887891 0.110059 0.224219
3 0.524429 0.560898 0.021123 0.282891
3 0.503643 0.528984 0.010117 0.104844
1 0.504155 0.681563 0.015576 0.190312
1 0.952236 0.782773 0.053477 0.424297
7 0.818765 0.740117 0.014658 0.418516
1 0.867695 0.606914 0.038945 0.291797
1 0.899668 0.605391 0.026895 0.185781
1 0.923027 0.585859 0.020488 0.148281
3 0.994175 0.506680 0.011338 0.172266
7 0.819097 0.747930 0.014365 0.404141
