7 0.479214 0.621367 0.004365 0.101797
7 0.459170 0.633711 0.004609 0.143516
1 0.808481 0.644531 0.054131 0.325000
1 0.021245 0.608047 0.010322 0.095469
1 0.013345 0.795078 0.026689 0.409844
7 0.130903 0.746289 0.009873 0.374766
1 0.042690 0.732187 0.025947 0.302812
3 0.528379 0.565039 0.023164 0.335703
3 0.503247 0.525117 0.011748 0.126484
1 0.503926 0.706094 0.018945 0.233125
1 0.924937 0.799492 0.074404 0.401016
7 0.899111 0.662773 0.011406 0.269453
1 0.902563 0.565937 0.029268 0.211094
1 0.923384 0.576562 0.015986 0.129844
3 0.993452 0.509570 0.011807 0.188516
7 0.898423 0.664922 0.011592 0.264844
