3 0.004028 0.429375 0.008057 0.217031
1 0.156299 0.578086 0.008848 0.055391
7 0.558955 0.369531 0.002324 0.037344
1 0.282939 0.934766 0.106328 0.130469
1 0.089033 0.584805 0.013047 0.146016
1 0.103188 0.604023 0.014873 0.154141
1 0.121807 0.628047 0.019824 0.148906
1 0.141479 0.639297 0.022705 0.161094
1 0.161177 0.682539 0.024111 0.172266
1 0.184927 0.703008 0.023486 0.168828
1 0.219600 0.642773 0.007109 0.064141
1 0.202915 0.650664 0.008506 0.081016
1 0.502305 0.826094 0.033125 0.321250
1 0.444277 0.806445 0.052891 0.376953
1 0.098291 0.722187 0.047324 0.309688
7 0.542544 0.679336 0.008018 0.268672
1 0.616133 0.532305 0.018125 0.111172
7 0.543711 0.575937 0.003359 0.124219
7 0.368208 0.705508 0.005439 0.206484
1 0.170640 0.573203 0.008760 0.076406
8 0.966514 0.402344 0.005254 0.078125
3 0.993281 0.408828 0.013398 0.200000
1 0.472271 0.647773 0.007041 0.066641
