1 0.503857 0.608125 0.009941 0.073906
1 0.439229 0.703047 0.013906 0.130156
1 0.495464 0.606484 0.008486 0.068750
1 0.007036 0.615352 0.013174 0.180391
1 0.482275 0.663711 0.013203 0.141172
1 0.084204 0.797539 0.057178 0.386797
1 0.035244 0.635391 0.015527 0.159687
1 0.096602 0.622656 0.020410 0.135938
1 0.501372 0.818555 0.032178 0.340391
7 0.974150 0.566250 0.007734 0.200000
1 0.128599 0.674023 0.024189 0.193828
2 0.364009 0.639023 0.045928 0.227734
1 0.239077 0.754219 0.041436 0.224062
1 0.464160 0.798359 0.031211 0.272031
1 0.339785 0.868750 0.099766 0.241875
