1 0.391597 0.690898 0.023447 0.140078
1 0.433330 0.713281 0.026895 0.212500
2 0.016885 0.536875 0.029277 0.226875
7 0.017129 0.602422 0.004121 0.118906
7 0.482593 0.603867 0.003623 0.129766
7 0.495479 0.569727 0.002930 0.073828
7 0.738896 0.495078 0.003027 0.108750
1 0.995732 0.620352 0.008438 0.113359
7 0.979941 0.569727 0.002148 0.093672
8 0.972695 0.582188 0.004141 0.099688
5 0.972529 0.615078 0.003672 0.075625
1 0.584980 0.587617 0.039609 0.253359
7 0.576123 0.776289 0.013848 0.444453
7 0.667612 0.745391 0.016689 0.523125
7 0.947705 0.580039 0.005117 0.146172
7 0.066958 0.653750 0.006377 0.205781
7 0.029141 0.620820 0.004727 0.170859
7 0.402988 0.707422 0.005723 0.235156
5 0.387002 0.740664 0.008633 0.093203
8 0.386909 0.696758 0.007021 0.170859
7 0.488945 0.587578 0.002598 0.100000
7 0.753643 0.457695 0.002910 0.085391
5 0.836982 0.465352 0.004258 0.069766
8 0.836914 0.422422 0.003574 0.099375
