1 0.074912 0.652617 0.017012 0.152578
2 0.150659 0.603945 0.026221 0.218672
7 0.573682 0.664531 0.006348 0.211875
1 0.866162 0.447734 0.012637 0.096875
1 0.314355 0.745117 0.077539 0.509766
1 0.445176 0.683359 0.013984 0.123906
7 0.222935 0.749453 0.005049 0.261719
8 0.210986 0.697578 0.004297 0.151562
7 0.115488 0.630000 0.004609 0.104062
5 0.210972 0.802930 0.006709 0.117578
5 0.210415 0.791055 0.006846 0.109453
7 0.552490 0.631641 0.003809 0.166406
7 0.547632 0.610547 0.003662 0.150781
7 0.540820 0.608203 0.003320 0.132031
1 0.840879 0.434805 0.009492 0.083516
1 0.030371 0.649219 0.017773 0.199219
2 0.476670 0.584531 0.025898 0.426250
1 0.012671 0.545898 0.006104 0.050391
1 0.494531 0.612891 0.005469 0.058594
