7 0.356689 0.587109 0.005566 0.174219
7 0.654434 0.515234 0.004785 0.107812
1 0.965190 0.606172 0.017744 0.106875
7 0.998184 0.595156 0.001875 0.101250
7 0.017476 0.558320 0.001904 0.047578
7 0.939639 0.683164 0.004941 0.213359
8 0.557036 0.454961 0.009170 0.172891
7 0.534507 0.505313 0.002939 0.165156
7 0.539702 0.489531 0.004404 0.176562
5 0.883682 0.912969 0.025137 0.170625
7 0.882695 0.742031 0.019648 0.274375
1 0.490244 0.433359 0.006074 0.058125
1 0.373906 0.618398 0.020605 0.114922
1 0.399395 0.623125 0.019629 0.110156
1 0.421025 0.579375 0.012695 0.052344
