1 0.050767 0.596406 0.010322 0.082031
1 0.146665 0.798594 0.040791 0.291875
2 0.175146 0.631523 0.027637 0.257266
7 0.556396 0.636172 0.004980 0.164687
1 0.843623 0.436875 0.012637 0.096875
1 0.418213 0.684844 0.033496 0.310000
1 0.462383 0.640117 0.005566 0.076953
7 0.286196 0.760156 0.005049 0.252344
8 0.269922 0.753867 0.005273 0.218047
7 0.151377 0.668672 0.004512 0.104844
5 0.270151 0.813711 0.006709 0.128203
7 0.542280 0.608984 0.002842 0.116406
7 0.538633 0.601172 0.002969 0.094844
1 0.823545 0.425430 0.008613 0.081953
1 0.031553 0.645391 0.015605 0.199219
2 0.477480 0.584766 0.024941 0.406406
1 0.013042 0.549219 0.006318 0.052344
1 0.494678 0.616797 0.006152 0.058594
