1 0.520088 0.668672 0.012695 0.124531
1 0.576982 0.595078 0.019277 0.110156
1 0.495210 0.637070 0.017510 0.110078
7 0.701211 0.486641 0.004492 0.084375
7 0.377148 0.791797 0.011914 0.397656
7 0.873315 0.757500 0.023174 0.485000
1 0.647417 0.540898 0.010537 0.102266
1 0.691567 0.498359 0.011533 0.096406
7 0.647725 0.545977 0.004746 0.111484
8 0.534453 0.643281 0.005703 0.141563
1 0.638804 0.548398 0.016533 0.133047
1 0.490063 0.623398 0.012139 0.096172
7 0.508071 0.637578 0.004307 0.130313
7 0.561533 0.622930 0.006094 0.131172
1 0.552241 0.598633 0.017646 0.090078
1 0.580967 0.590703 0.013437 0.080156
7 0.018867 0.646758 0.004492 0.158672
1 0.610244 0.558828 0.018242 0.124531
