7 0.904473 0.786797 0.013477 0.410625
7 0.371338 0.592187 0.004590 0.215625
1 0.652090 0.488672 0.007559 0.056250
1 0.965532 0.615117 0.017041 0.109141
7 0.991084 0.601562 0.002949 0.101250
7 0.016353 0.561328 0.001904 0.047500
8 0.580376 0.457812 0.006045 0.135937
7 0.534370 0.508281 0.002451 0.167344
7 0.539302 0.489648 0.003975 0.169922
5 0.906768 0.877109 0.016465 0.229844
1 0.490244 0.433359 0.006074 0.058125
1 0.373906 0.618398 0.020605 0.114922
1 0.399395 0.623125 0.019629 0.110156
1 0.421025 0.579375 0.012695 0.052344
