1 0.024429 0.622305 0.014111 0.119922
1 0.159834 0.803633 0.048555 0.283047
1 0.419731 0.799844 0.033857 0.289219
1 0.501924 0.631641 0.012051 0.119844
1 0.473818 0.701484 0.019258 0.203281
1 0.040586 0.574609 0.011660 0.098125
1 0.873838 0.486719 0.019746 0.104687
1 0.056123 0.808281 0.040703 0.367500
1 0.450776 0.822148 0.039893 0.343828
1 0.316699 0.787695 0.150352 0.422266
1 0.857437 0.451250 0.017295 0.101250
2 0.842671 0.418125 0.021240 0.129375
1 0.498887 0.865625 0.041855 0.268750
2 0.015684 0.481367 0.012988 0.185391
1 0.005874 0.544570 0.008545 0.073672
