7 0.917300 0.740508 0.009971 0.369922
7 0.384131 0.596875 0.005664 0.215625
7 0.664697 0.519141 0.001855 0.078906
1 0.656396 0.492422 0.005176 0.056250
1 0.639966 0.457891 0.005947 0.052813
1 0.845884 0.655898 0.006240 0.059453
1 0.966235 0.608125 0.016865 0.107656
7 0.921777 0.699375 0.003711 0.187187
7 0.985771 0.604062 0.002949 0.101250
8 0.595703 0.457422 0.006836 0.117969
7 0.533955 0.510703 0.002715 0.168438
7 0.537285 0.488320 0.003066 0.176641
5 0.917832 0.839844 0.011445 0.176562
1 0.490244 0.433359 0.006074 0.058125
1 0.373906 0.618398 0.020605 0.114922
1 0.399395 0.623125 0.019629 0.110156
1 0.421025 0.579375 0.012695 0.052344
