7 0.409673 0.754180 0.006807 0.255703
1 0.721851 0.599141 0.010498 0.160781
2 0.474927 0.577305 0.027197 0.450703
7 0.367700 0.794297 0.007412 0.297500
1 0.013159 0.804219 0.026904 0.392969
1 0.235254 0.699609 0.016992 0.192969
1 0.986304 0.598711 0.017373 0.202109
3 0.843281 0.501055 0.261738 0.997891
1 0.529492 0.697930 0.024668 0.166172
3 0.517222 0.566797 0.012119 0.203281
1 0.498511 0.756875 0.025400 0.295625
2 0.501851 0.544219 0.012490 0.152656
1 0.993882 0.845586 0.012236 0.308828
1 0.023882 0.604297 0.015674 0.144531
