1 0.618877 0.635391 0.031172 0.187031
1 0.993330 0.560391 0.009863 0.074219
1 0.829004 0.469922 0.011328 0.077344
1 0.845361 0.472266 0.011230 0.061719
1 0.789346 0.479844 0.009180 0.058594
2 0.522109 0.572617 0.008398 0.097422
1 0.985205 0.505625 0.009766 0.072812
1 0.800225 0.478555 0.009043 0.063203
1 0.873027 0.465586 0.013437 0.063828
1 0.809917 0.480078 0.006709 0.067656
1 0.817710 0.471797 0.008604 0.072969
1 0.684663 0.504570 0.014268 0.133047
1 0.861670 0.477734 0.007871 0.060625
1 0.853384 0.476055 0.007861 0.074609
