1 0.685620 0.506367 0.015713 0.106641
7 0.482144 0.585820 0.005889 0.113203
7 0.497368 0.588984 0.005928 0.113281
8 0.501074 0.587539 0.007402 0.098984
1 0.088062 0.823320 0.067686 0.350859
1 0.506860 0.867383 0.037920 0.248516
1 0.010884 0.801562 0.022256 0.395156
1 0.987822 0.795781 0.024121 0.395625
1 0.006855 0.592461 0.011309 0.111641
1 0.026689 0.678867 0.030488 0.308672
1 0.626387 0.579961 0.024824 0.149453
1 0.648730 0.547969 0.018066 0.118750
7 0.511230 0.587227 0.005000 0.097734
7 0.953696 0.606797 0.006416 0.210625
7 0.186650 0.783477 0.013262 0.428984
7 0.782988 0.462109 0.005566 0.113437
1 0.604600 0.528516 0.036230 0.253906
