7 0.865630 0.462070 0.004053 0.124766
7 0.848618 0.419219 0.004229 0.103125
5 0.769976 0.847578 0.011357 0.304844
1 0.515742 0.642656 0.009961 0.134219
1 0.501602 0.665898 0.014121 0.122578
1 0.722080 0.524375 0.013125 0.102031
1 0.596504 0.772500 0.041875 0.309844
1 0.468560 0.687266 0.022920 0.165625
7 0.003872 0.544375 0.005400 0.118281
7 0.148848 0.704922 0.012109 0.340313
1 0.024346 0.576055 0.014609 0.093984
7 0.755923 0.512930 0.004248 0.082578
7 0.441895 0.686211 0.005762 0.147266
5 0.859839 0.814609 0.011768 0.336875
5 0.829888 0.833125 0.013467 0.330313
5 0.814248 0.840078 0.014746 0.319844
5 0.798525 0.842070 0.015605 0.315859
8 0.387559 0.764258 0.013750 0.257734
5 0.387871 0.840313 0.013711 0.132188
5 0.784370 0.850078 0.014502 0.297656
6 0.898599 0.698867 0.013232 0.278047
8 0.349692 0.778984 0.011162 0.398281
