1 0.467056 0.655742 0.012920 0.092734
1 0.270459 0.660273 0.009473 0.089297
1 0.259795 0.658242 0.010742 0.090078
1 0.437041 0.690117 0.015684 0.126016
1 0.282578 0.644336 0.014531 0.097109
1 0.477920 0.628984 0.011875 0.073125
1 0.407705 0.779023 0.042402 0.323672
1 0.019897 0.584219 0.010928 0.091094
1 0.160962 0.813672 0.055420 0.372656
1 0.038052 0.656289 0.020205 0.181797
3 0.083252 0.559336 0.079004 0.404609
7 0.551953 0.678164 0.007520 0.217109
2 0.034092 0.511172 0.019238 0.235156
1 0.100225 0.771250 0.075000 0.453281
1 0.492036 0.645078 0.008506 0.070000
1 0.505991 0.648945 0.009736 0.073828
1 0.497993 0.595625 0.005771 0.046094
