1 0.420088 0.811914 0.033105 0.376172
1 0.376631 0.859531 0.044082 0.298594
1 0.487964 0.669141 0.015146 0.159844
1 0.008965 0.768086 0.017813 0.340391
1 0.508643 0.657891 0.012793 0.202969
1 0.236509 0.890586 0.075596 0.227578
1 0.037954 0.713437 0.022529 0.219844
1 0.006143 0.582930 0.011309 0.088984
1 0.019053 0.559922 0.010625 0.095625
2 0.092993 0.604180 0.055420 0.634922
7 0.745029 0.736523 0.016426 0.523047
7 0.906152 0.711797 0.013086 0.490469
7 0.674238 0.714609 0.014414 0.570781
7 0.582456 0.793984 0.018584 0.412031
1 0.199072 0.785625 0.041895 0.427344
3 0.041060 0.529766 0.016709 0.138906
7 0.290640 0.846367 0.006318 0.292266
1 0.456479 0.815234 0.041924 0.361250
