1 0.492778 0.866016 0.035635 0.262813
1 0.496855 0.719648 0.026582 0.188203
1 0.549238 0.625430 0.024355 0.174297
1 0.581382 0.658398 0.020400 0.095391
1 0.609995 0.648203 0.018115 0.094219
1 0.632803 0.647852 0.015723 0.089141
1 0.040205 0.582187 0.009160 0.065156
1 0.058804 0.558555 0.009014 0.086016
1 0.129805 0.603125 0.023398 0.129531
8 0.030957 0.602187 0.005898 0.100156
7 0.085522 0.587148 0.005654 0.141328
8 0.336602 0.526953 0.006211 0.117812
8 0.481201 0.638086 0.007070 0.163047
7 0.479102 0.622578 0.004980 0.101406
7 0.481973 0.625000 0.004102 0.097500
