3 0.275767 0.603047 0.041045 0.163125
3 0.454053 0.553672 0.170215 0.397344
7 0.911235 0.726445 0.013311 0.484453
7 0.244785 0.641875 0.005918 0.125156
1 0.360791 0.656328 0.018008 0.116406
1 0.553350 0.540195 0.026543 0.113359
1 0.344131 0.634062 0.014121 0.096406
1 0.050098 0.582500 0.013770 0.150000
1 0.989956 0.573203 0.018213 0.156094
1 0.486294 0.845469 0.041143 0.343906
1 0.015356 0.621875 0.017686 0.139844
1 0.028765 0.814414 0.050166 0.354766
7 0.974355 0.577070 0.006836 0.188047
3 0.619331 0.469297 0.020107 0.188906
