1 0.619775 0.517617 0.016152 0.082734
1 0.653081 0.513789 0.007861 0.062266
1 0.484741 0.797461 0.052412 0.405078
2 0.406792 0.434219 0.041670 0.237812
1 0.413940 0.561211 0.024541 0.132109
1 0.303140 0.562109 0.015264 0.087344
1 0.292383 0.545781 0.013027 0.070625
1 0.306245 0.550859 0.016436 0.092031
3 0.272637 0.515117 0.026035 0.121641
1 0.274248 0.529453 0.013125 0.074687
7 0.649956 0.564336 0.005830 0.111953
7 0.658389 0.553008 0.006094 0.102422
8 0.644434 0.517969 0.005469 0.053125
7 0.003848 0.557578 0.003789 0.161719
7 0.575098 0.517578 0.003906 0.071875
7 0.459893 0.526484 0.005078 0.120313
7 0.466396 0.527109 0.005664 0.117188
7 0.471572 0.524375 0.004102 0.114844
7 0.475527 0.521641 0.003027 0.112500
7 0.489639 0.526719 0.005859 0.116406
7 0.450293 0.522578 0.005664 0.114062
