2 0.283179 0.586797 0.126123 0.826406
1 0.033516 0.742031 0.025254 0.207344
1 0.004976 0.659062 0.009580 0.183594
1 0.023608 0.626797 0.019307 0.163594
1 0.014277 0.593008 0.009375 0.103984
1 0.214082 0.691484 0.017480 0.141406
1 0.192041 0.630586 0.016758 0.061953
1 0.427959 0.717422 0.028379 0.235469
1 0.466064 0.644141 0.009434 0.097344
1 0.474414 0.625234 0.006680 0.066406
1 0.451191 0.677969 0.016543 0.171406
7 0.620605 0.776055 0.016523 0.440078
7 0.752378 0.548555 0.003037 0.130859
7 0.755620 0.543828 0.003037 0.135781
3 0.716646 0.545117 0.017588 0.186328
