1 0.455044 0.542578 0.022119 0.147812
1 0.595166 0.641328 0.018125 0.111406
1 0.460527 0.527227 0.017617 0.117578
1 0.481099 0.538828 0.017861 0.112812
7 0.864302 0.878594 0.005596 0.242812
3 0.335166 0.382422 0.008965 0.144531
1 0.354004 0.439688 0.011465 0.071250
8 0.921079 0.324531 0.002666 0.071250
7 0.578350 0.231523 0.004629 0.056172
1 0.013711 0.575156 0.010137 0.072187
1 0.335986 0.884766 0.109863 0.230469
1 0.110776 0.811602 0.093682 0.363828
7 0.398496 0.649414 0.009590 0.335078
7 0.083950 0.514297 0.004854 0.131094
7 0.129336 0.477148 0.005059 0.161328
7 0.137959 0.516289 0.004102 0.210234
7 0.098071 0.503242 0.004775 0.129453
7 0.871460 0.759805 0.017842 0.470703
3 0.037339 0.497656 0.030732 0.281250
1 0.532231 0.622500 0.026475 0.144063
