1 0.715405 0.677891 0.008740 0.076094
1 0.377993 0.876367 0.043330 0.247266
1 0.201611 0.626953 0.178223 0.746094
1 0.404648 0.779141 0.017441 0.163125
2 0.205005 0.594648 0.179834 0.842266
7 0.608843 0.784727 0.019209 0.430547
7 0.971123 0.444844 0.005000 0.130000
7 0.342334 0.789844 0.008105 0.275000
8 0.584492 0.646523 0.006172 0.081172
5 0.584697 0.695977 0.005898 0.075234
1 0.741104 0.784883 0.013125 0.139297
1 0.757031 0.602773 0.005020 0.043047
1 0.513950 0.691875 0.010693 0.074219
3 0.393730 0.654727 0.029375 0.246797
1 0.723115 0.628398 0.007227 0.080078
1 0.730361 0.633672 0.006641 0.070312
1 0.736357 0.634531 0.005273 0.062500
1 0.744023 0.629531 0.007324 0.066406
1 0.751533 0.627227 0.005859 0.060547
1 0.779629 0.742422 0.018594 0.202344
7 0.954438 0.500117 0.007588 0.259141
7 0.957852 0.486641 0.006250 0.232344
