1 0.029644 0.649961 0.018389 0.170859
1 0.453359 0.614922 0.009492 0.054375
1 0.501514 0.636250 0.011836 0.122656
1 0.473608 0.701172 0.018506 0.201250
1 0.029834 0.551367 0.006348 0.058984
1 0.872949 0.485898 0.019902 0.104766
1 0.078604 0.791328 0.070723 0.414844
1 0.454160 0.820391 0.036973 0.353125
1 0.338037 0.776563 0.160059 0.432812
1 0.857437 0.451250 0.017295 0.101250
2 0.842671 0.418125 0.021240 0.129375
1 0.498887 0.865625 0.041855 0.268750
2 0.018008 0.491133 0.014531 0.209609
1 0.005996 0.554922 0.009824 0.093594
