1 0.106128 0.486016 0.017920 0.090000
1 0.114189 0.460938 0.019473 0.104688
6 0.910796 0.649570 0.005010 0.161328
7 0.247510 0.567266 0.005605 0.162656
7 0.288071 0.532344 0.006006 0.157656
7 0.293804 0.527148 0.006182 0.142109
7 0.362495 0.663984 0.004814 0.086719
7 0.372188 0.653359 0.004336 0.091250
7 0.950742 0.580586 0.006914 0.227578
7 0.942769 0.562227 0.007783 0.250547
7 0.935967 0.588281 0.007207 0.231250
7 0.012456 0.585078 0.009287 0.387344
6 0.916025 0.693984 0.007402 0.238906
6 0.996226 0.652734 0.006123 0.233594
