1 0.055063 0.596172 0.008174 0.084062
2 0.457974 0.614102 0.021904 0.319141
1 0.300854 0.889414 0.077881 0.221172
1 0.121587 0.804414 0.052549 0.356641
8 0.210757 0.322188 0.005342 0.092656
5 0.211099 0.375234 0.009814 0.042813
1 0.503462 0.605234 0.010049 0.104688
1 0.046074 0.587266 0.011250 0.114531
1 0.014004 0.753047 0.027891 0.357969
1 0.505435 0.791875 0.033896 0.295313
7 0.860845 0.559219 0.009326 0.420000
7 0.871626 0.620078 0.015127 0.470625
1 0.027173 0.577305 0.009307 0.078672
7 0.084385 0.604180 0.005117 0.135859
