1 0.384839 0.697734 0.019482 0.145156
1 0.421577 0.698125 0.022607 0.168281
7 0.020679 0.605547 0.003994 0.120156
7 0.489980 0.595664 0.002246 0.117734
7 0.736689 0.494883 0.003027 0.111953
7 0.989082 0.581484 0.002148 0.090781
8 0.973120 0.578320 0.004229 0.095078
5 0.972793 0.605977 0.003496 0.061016
1 0.601753 0.578125 0.033213 0.242188
1 0.006230 0.620234 0.012461 0.151719
7 0.544272 0.779453 0.014854 0.446875
7 0.699312 0.715703 0.014287 0.535937
7 0.950225 0.593516 0.005723 0.155781
7 0.081230 0.682578 0.007187 0.240000
7 0.037861 0.638984 0.005566 0.199063
7 0.409746 0.704609 0.005527 0.232187
5 0.407129 0.761172 0.008691 0.136406
8 0.406968 0.700937 0.008525 0.200937
7 0.493638 0.579687 0.002256 0.091719
7 0.754297 0.453164 0.002734 0.081797
5 0.833003 0.467227 0.004150 0.070078
8 0.833315 0.425977 0.003896 0.107266
