1 0.228750 0.676992 0.029590 0.151016
1 0.995747 0.674648 0.008623 0.205859
2 0.028330 0.509375 0.014805 0.192188
7 0.724800 0.756250 0.013721 0.478437
1 0.479243 0.589219 0.009365 0.102031
7 0.566431 0.657188 0.004834 0.214375
7 0.559521 0.663438 0.004980 0.234687
7 0.540825 0.602344 0.002432 0.150625
7 0.537378 0.595938 0.002432 0.153906
1 0.727817 0.382695 0.012354 0.052891
1 0.005234 0.678008 0.009492 0.221953
1 0.396182 0.781562 0.056758 0.431562
1 0.069512 0.776055 0.054824 0.401484
7 0.987207 0.543359 0.003320 0.088281
1 0.463999 0.610391 0.012900 0.162813
