1 0.965669 0.614570 0.029639 0.221172
7 0.995698 0.630391 0.008350 0.290938
7 0.079238 0.641602 0.008320 0.245703
7 0.113159 0.673164 0.006748 0.225703
7 0.120298 0.695977 0.008018 0.253047
7 0.339810 0.715000 0.008135 0.279687
7 0.787178 0.759883 0.012832 0.464141
7 0.348721 0.661094 0.008418 0.273281
5 0.980381 0.693633 0.014414 0.184141
7 0.936514 0.647891 0.011113 0.279531
7 0.992529 0.623672 0.008789 0.253750
7 0.915806 0.661719 0.007646 0.224063
8 0.898921 0.652891 0.008330 0.204219
7 0.867256 0.623711 0.006328 0.167734
7 0.856978 0.621289 0.006162 0.188203
7 0.778579 0.691836 0.008447 0.306953
1 0.454521 0.704023 0.018809 0.193984
7 0.965083 0.634570 0.007939 0.208984
