1 0.284814 0.904531 0.083398 0.220625
1 0.457310 0.734805 0.022588 0.211172
1 0.480962 0.643828 0.013350 0.115625
1 0.496118 0.610664 0.011260 0.076641
1 0.949424 0.529727 0.012617 0.105703
3 0.957632 0.486797 0.040420 0.155000
5 0.864282 0.748008 0.018057 0.217578
5 0.807886 0.648320 0.010732 0.223359
5 0.798442 0.648047 0.008096 0.175156
7 0.387905 0.680547 0.002803 0.100781
7 0.385469 0.684688 0.002695 0.108906
7 0.398486 0.629648 0.002695 0.049453
7 0.072007 0.614258 0.004189 0.101953
5 0.080225 0.680586 0.007969 0.083047
2 0.005015 0.555430 0.010029 0.135703
1 0.992271 0.542773 0.015459 0.186953
