1 0.371494 0.631367 0.018047 0.119453
1 0.386914 0.653008 0.023633 0.168984
1 0.032925 0.544766 0.008135 0.073281
7 0.181533 0.816797 0.009824 0.350313
7 0.601226 0.627305 0.005771 0.172266
7 0.164868 0.761289 0.008193 0.339766
7 0.992070 0.472852 0.002188 0.040859
7 0.998120 0.472930 0.003643 0.044766
3 0.655942 0.448789 0.024365 0.133516
1 0.484780 0.564883 0.029521 0.154766
1 0.990059 0.566758 0.018477 0.167422
1 0.318242 0.641055 0.020273 0.124297
1 0.294766 0.623594 0.012227 0.090625
1 0.417510 0.599453 0.020742 0.132344
3 0.462725 0.552852 0.064395 0.208828
7 0.936201 0.745156 0.012031 0.425312
7 0.856743 0.750078 0.023779 0.497500
1 0.486753 0.860820 0.040928 0.274766
1 0.400488 0.856250 0.029688 0.287500
1 0.283438 0.626055 0.010039 0.073047
3 0.617314 0.488789 0.035254 0.182266
