1 0.387813 0.689570 0.017598 0.178359
7 0.217715 0.802734 0.008906 0.328906
1 0.766621 0.613633 0.007578 0.060078
1 0.813540 0.730977 0.022197 0.165078
7 0.611860 0.586367 0.006904 0.197578
1 0.781826 0.782695 0.020684 0.165391
1 0.745039 0.670898 0.010586 0.091797
1 0.733096 0.671484 0.009551 0.085156
1 0.758682 0.610234 0.006816 0.054531
1 0.751431 0.606719 0.007568 0.055469
1 0.744487 0.603047 0.006748 0.054531
1 0.736885 0.603008 0.006855 0.050078
1 0.781567 0.514062 0.007373 0.044844
1 0.752988 0.566836 0.006094 0.036797
1 0.746377 0.566992 0.005254 0.041797
1 0.530142 0.671250 0.025127 0.261250
1 0.542383 0.591406 0.016797 0.137500
