1 0.660054 0.529648 0.014346 0.117891
7 0.099614 0.632695 0.005264 0.108672
8 0.127271 0.639961 0.006807 0.115859
7 0.896689 0.479609 0.005566 0.121094
3 0.741392 0.395312 0.010928 0.091875
7 0.545503 0.770078 0.010908 0.376875
8 0.545210 0.789062 0.017217 0.421875
1 0.512012 0.837500 0.041602 0.325000
1 0.720400 0.481797 0.013047 0.099063
7 0.702207 0.559766 0.008711 0.214531
1 0.678848 0.525000 0.017285 0.114844
1 0.638501 0.557500 0.025459 0.174375
1 0.609917 0.574453 0.030361 0.209219
1 0.562593 0.634609 0.032412 0.173438
7 0.750293 0.429648 0.003203 0.072891
1 0.380229 0.877344 0.064307 0.270625
7 0.397715 0.691172 0.006855 0.181563
1 0.062593 0.623672 0.017979 0.094531
