1 0.806558 0.456484 0.042158 0.225312
1 0.842280 0.435078 0.019443 0.102500
1 0.814668 0.389922 0.015098 0.083594
7 0.530576 0.606680 0.004316 0.163203
7 0.482632 0.583320 0.003174 0.073047
7 0.474219 0.598242 0.002695 0.075391
7 0.461973 0.601367 0.002500 0.072891
1 0.888784 0.501484 0.020088 0.195938
1 0.129810 0.850078 0.080439 0.293594
1 0.008643 0.658203 0.016543 0.199062
7 0.980962 0.560820 0.001865 0.082578
7 0.983979 0.554531 0.001982 0.089219
1 0.910322 0.518281 0.029824 0.221094
1 0.034702 0.649258 0.020771 0.183672
7 0.258901 0.702070 0.005771 0.158047
1 0.486987 0.586797 0.008545 0.098281
