1 0.489800 0.583008 0.005889 0.042578
7 0.672778 0.414844 0.004795 0.145313
7 0.977554 0.594570 0.005498 0.181328
1 0.339502 0.807031 0.131934 0.384375
7 0.736953 0.766016 0.020977 0.467969
7 0.980459 0.589297 0.003750 0.125156
1 0.116279 0.821445 0.085527 0.356016
1 0.020669 0.819531 0.041299 0.359375
1 0.054233 0.785195 0.038604 0.415703
1 0.013154 0.599727 0.025195 0.080547
7 0.259009 0.701992 0.007139 0.198047
7 0.517368 0.575469 0.002646 0.058594
7 0.666401 0.424414 0.005264 0.209766
5 0.679160 0.456367 0.014375 0.092578
