1 0.078564 0.585781 0.012168 0.073594
8 0.168174 0.726055 0.006582 0.264297
5 0.166851 0.779375 0.007041 0.147500
7 0.436357 0.668008 0.004238 0.144297
7 0.471685 0.614375 0.003467 0.093906
7 0.463711 0.630977 0.003672 0.098828
7 0.462031 0.642734 0.003867 0.115000
7 0.545581 0.620195 0.004385 0.144453
7 0.540996 0.625938 0.003965 0.145000
7 0.534980 0.613477 0.003887 0.124141
1 0.939194 0.821719 0.058838 0.356563
5 0.872007 0.643164 0.012295 0.148828
1 0.018931 0.807070 0.037861 0.385859
1 0.004541 0.574727 0.008809 0.104297
7 0.106641 0.679766 0.005605 0.222344
1 0.021025 0.601172 0.014785 0.121406
1 0.509097 0.845117 0.042568 0.309766
1 0.520986 0.624961 0.010117 0.082578
1 0.505342 0.663203 0.016504 0.126719
5 0.919839 0.601211 0.011396 0.117266
5 0.913691 0.605312 0.010547 0.110781
5 0.899297 0.614219 0.012734 0.135625
