7 0.044785 0.496250 0.002344 0.051562
1 0.599102 0.636133 0.016641 0.104922
1 0.515288 0.621133 0.028232 0.152578
1 0.445259 0.548398 0.025615 0.138047
7 0.601436 0.156172 0.003398 0.037500
5 0.815508 0.148164 0.013086 0.072109
8 0.814829 0.111914 0.006807 0.128516
1 0.101929 0.805000 0.084561 0.387187
1 0.044292 0.724063 0.033701 0.312656
1 0.055596 0.587969 0.017012 0.215469
3 0.204883 0.522344 0.284570 0.954531
1 0.272661 0.895664 0.119482 0.208672
7 0.353945 0.476016 0.003398 0.105000
7 0.917725 0.257852 0.004395 0.112578
7 0.983794 0.594844 0.004990 0.165938
7 0.899438 0.753750 0.010693 0.486875
