1 0.065586 0.609141 0.010059 0.095469
2 0.469580 0.624570 0.018711 0.250547
1 0.387817 0.856172 0.051416 0.287656
1 0.197354 0.838164 0.080996 0.325391
8 0.211367 0.304453 0.004922 0.092656
5 0.211313 0.359141 0.009814 0.042813
1 0.502871 0.616484 0.010703 0.107031
1 0.054551 0.608516 0.013281 0.130625
1 0.014639 0.759297 0.029043 0.382969
1 0.504629 0.796836 0.035137 0.299297
7 0.817847 0.591797 0.010303 0.489219
7 0.837891 0.673867 0.019531 0.564141
1 0.030596 0.577070 0.009727 0.085391
7 0.091143 0.601914 0.005547 0.150078
