7 0.426807 0.606992 0.005625 0.115859
1 0.991074 0.613359 0.012109 0.143750
7 0.296250 0.684609 0.006289 0.199375
7 0.282012 0.682266 0.006445 0.222813
7 0.216548 0.718711 0.005283 0.249609
7 0.355122 0.659844 0.005283 0.212812
7 0.313306 0.654219 0.006338 0.207187
8 0.436348 0.570781 0.003867 0.055312
5 0.437285 0.607344 0.007852 0.042187
2 0.032163 0.531250 0.020400 0.234375
1 0.008545 0.654180 0.013184 0.139609
1 0.060815 0.646484 0.024814 0.189219
1 0.307974 0.813516 0.061748 0.336094
1 0.407700 0.689219 0.022490 0.175312
1 0.130679 0.739805 0.054150 0.391641
7 0.945381 0.635938 0.007480 0.254688
