1 0.542622 0.525352 0.022471 0.139453
1 0.624932 0.520156 0.013398 0.080938
1 0.256826 0.560156 0.013437 0.073281
8 0.637715 0.518203 0.003906 0.050000
1 0.484897 0.800078 0.053389 0.399844
2 0.404023 0.436367 0.041582 0.231328
1 0.324063 0.554102 0.021660 0.113984
1 0.287573 0.559570 0.013428 0.086797
1 0.291099 0.544727 0.011396 0.060547
1 0.299800 0.548867 0.013623 0.089141
3 0.272798 0.513984 0.024580 0.116094
1 0.270908 0.523516 0.013125 0.074688
7 0.652485 0.560391 0.005830 0.112031
7 0.658389 0.553008 0.006094 0.102422
7 0.009087 0.557773 0.003838 0.125234
7 0.584219 0.516719 0.003906 0.071875
7 0.459893 0.526484 0.005078 0.120313
7 0.466396 0.527109 0.005664 0.117188
7 0.471572 0.524375 0.004102 0.114844
7 0.475527 0.521641 0.003027 0.112500
7 0.489639 0.526719 0.005859 0.116406
7 0.450293 0.522578 0.005664 0.114062
