1 0.966064 0.609023 0.017910 0.107109
7 0.945786 0.669453 0.007256 0.213281
7 0.347217 0.601328 0.005176 0.123906
8 0.541343 0.473594 0.009170 0.199219
7 0.534609 0.503125 0.003301 0.163438
7 0.539702 0.491484 0.004404 0.176562
7 0.002651 0.607422 0.002451 0.086719
7 0.644570 0.520742 0.004785 0.133516
7 0.649844 0.515234 0.005762 0.135938
5 0.859277 0.917500 0.030469 0.165000
7 0.856797 0.810859 0.019648 0.376406
1 0.490244 0.433359 0.006074 0.058125
1 0.373906 0.618398 0.020605 0.114922
1 0.399395 0.623125 0.019629 0.110156
1 0.421025 0.579375 0.012695 0.052344
