1 0.568213 0.600313 0.009668 0.122812
1 0.580273 0.592187 0.013867 0.175000
2 0.127041 0.539258 0.160566 0.918516
1 0.464897 0.781875 0.023721 0.296563
1 0.482109 0.713008 0.015313 0.135234
1 0.491147 0.638867 0.007256 0.060703
7 0.297075 0.822266 0.011084 0.355469
1 0.017144 0.556797 0.008330 0.075469
1 0.011987 0.803047 0.023779 0.386250
1 0.984951 0.600703 0.019023 0.211250
3 0.767642 0.501563 0.381826 0.996875
1 0.523027 0.670469 0.017695 0.130625
3 0.514165 0.555312 0.009521 0.162500
1 0.502324 0.756680 0.023770 0.241328
2 0.502480 0.557891 0.011797 0.146719
1 0.994141 0.845586 0.011719 0.308828
