7 0.331123 0.584922 0.006621 0.200156
7 0.295518 0.592656 0.007539 0.220625
7 0.124331 0.542852 0.002900 0.136484
7 0.141377 0.545937 0.004297 0.187813
7 0.162949 0.501133 0.003594 0.142734
7 0.085444 0.539297 0.002451 0.100000
7 0.107930 0.545156 0.002695 0.122187
7 0.107319 0.541133 0.002744 0.128828
7 0.104253 0.538320 0.002842 0.121328
7 0.120068 0.536406 0.003379 0.109219
1 0.008970 0.622461 0.010186 0.083984
1 0.017905 0.579609 0.010029 0.077031
1 0.528105 0.569414 0.017441 0.103359
8 0.382373 0.535234 0.005371 0.079531
5 0.381367 0.609375 0.013437 0.087500
1 0.031294 0.653320 0.016631 0.161484
1 0.038872 0.546289 0.009561 0.074609
1 0.061899 0.574062 0.015850 0.111250
1 0.028770 0.527109 0.006055 0.078125
7 0.994917 0.571055 0.003662 0.093047
