1 0.155903 0.680703 0.023369 0.117812
1 0.989360 0.695820 0.015576 0.224609
2 0.010625 0.518594 0.006777 0.118906
7 0.913989 0.737383 0.012998 0.449922
1 0.461050 0.603125 0.011943 0.132500
7 0.653975 0.744609 0.011719 0.500000
7 0.639683 0.767930 0.009775 0.446797
7 0.543169 0.608203 0.003467 0.160469
7 0.539390 0.614805 0.003408 0.161484
7 0.331138 0.707695 0.006279 0.160391
7 0.379150 0.671172 0.006602 0.147031
7 0.367485 0.697969 0.004463 0.115000
7 0.358574 0.701211 0.004863 0.132891
1 0.310264 0.805039 0.091543 0.400703
1 0.055063 0.735469 0.039463 0.321094
1 0.444619 0.641172 0.019023 0.198750
