1 0.990332 0.618750 0.012109 0.143750
7 0.355342 0.615703 0.003672 0.145156
7 0.334429 0.652617 0.003252 0.158672
7 0.312871 0.675312 0.006289 0.199375
7 0.299214 0.668281 0.006455 0.222812
7 0.235796 0.706992 0.005283 0.249609
7 0.321704 0.646523 0.006338 0.188984
2 0.035493 0.538789 0.022178 0.249453
1 0.009360 0.666094 0.015205 0.139062
1 0.074849 0.681445 0.031045 0.243047
1 0.342158 0.789922 0.051504 0.313281
1 0.417100 0.677266 0.020078 0.162969
1 0.168379 0.770039 0.066406 0.395547
7 0.936069 0.659609 0.010732 0.296719
