1 0.412651 0.805977 0.042881 0.311172
1 0.458838 0.654766 0.017676 0.151406
1 0.870811 0.559766 0.040000 0.318750
1 0.443066 0.718516 0.022910 0.208281
1 0.773525 0.449141 0.014590 0.147813
1 0.470977 0.627383 0.013457 0.111172
1 0.480435 0.604609 0.010947 0.094219
1 0.145757 0.813359 0.053994 0.317500
1 0.179971 0.646445 0.015215 0.057578
1 0.013154 0.547656 0.011094 0.080625
1 0.027437 0.610820 0.011924 0.101016
7 0.984678 0.560508 0.003691 0.102422
1 0.041543 0.667695 0.031289 0.273672
1 0.484282 0.649531 0.008506 0.070000
1 0.504502 0.639258 0.010840 0.082891
1 0.493003 0.612812 0.006963 0.052500
