1 0.716021 0.541250 0.013701 0.079531
1 0.631060 0.635586 0.035576 0.218984
1 0.992920 0.577734 0.009863 0.074219
1 0.836426 0.476172 0.011328 0.077344
1 0.852100 0.480078 0.011230 0.061719
1 0.798428 0.477500 0.009180 0.058594
2 0.522051 0.557773 0.008398 0.097422
1 0.985078 0.511953 0.009766 0.072813
1 0.809355 0.479687 0.009023 0.060937
1 0.876807 0.475664 0.013437 0.063828
1 0.818228 0.485859 0.006709 0.067656
1 0.827427 0.472773 0.008604 0.072891
1 0.695908 0.509805 0.016582 0.135078
1 0.868540 0.549922 0.008779 0.079063
1 0.859214 0.478359 0.007861 0.074531
