7 0.416694 0.459570 0.002236 0.073672
7 0.133066 0.521719 0.005547 0.145781
7 0.100474 0.521367 0.004424 0.142266
7 0.085601 0.493281 0.003213 0.095312
7 0.089951 0.496797 0.002734 0.094531
7 0.065244 0.502422 0.003281 0.075937
1 0.390586 0.452773 0.013184 0.089766
1 0.361763 0.413867 0.008916 0.041484
5 0.572153 0.809570 0.015146 0.130391
7 0.572744 0.742773 0.009883 0.288672
7 0.599419 0.163594 0.003975 0.061719
1 0.259326 0.773516 0.093848 0.451406
1 0.194478 0.826172 0.126455 0.346094
1 0.084360 0.773828 0.071416 0.452344
1 0.046772 0.690898 0.039854 0.415078
