1 0.411582 0.633203 0.010859 0.096094
7 0.304888 0.786875 0.008682 0.270781
1 0.764668 0.637813 0.007578 0.046250
1 0.799878 0.765469 0.018818 0.175937
7 0.602046 0.591914 0.005967 0.174922
1 0.762744 0.801797 0.018066 0.139531
1 0.738188 0.672617 0.009053 0.079766
1 0.725669 0.672187 0.008428 0.082500
1 0.756836 0.629180 0.006699 0.049141
1 0.749985 0.635859 0.007588 0.050469
1 0.741860 0.630547 0.007275 0.055625
1 0.735044 0.631055 0.007295 0.055859
1 0.726895 0.626367 0.007520 0.056797
1 0.759473 0.598555 0.005664 0.039297
1 0.753428 0.596797 0.006270 0.048906
1 0.745015 0.594922 0.006436 0.042344
1 0.523730 0.679883 0.024219 0.255859
1 0.519849 0.636094 0.020439 0.146406
