1 0.700493 0.469922 0.013643 0.098750
1 0.524321 0.575625 0.007725 0.068281
7 0.490225 0.582070 0.006484 0.109922
7 0.572871 0.618398 0.006543 0.198828
7 0.709395 0.458398 0.005508 0.105703
7 0.964351 0.556406 0.005518 0.092344
8 0.507812 0.594688 0.009121 0.097969
1 0.107524 0.821602 0.059854 0.348047
1 0.509155 0.873789 0.037646 0.234141
1 0.011792 0.788125 0.022959 0.400000
1 0.988203 0.803359 0.023672 0.393281
1 0.016128 0.694180 0.019365 0.206328
1 0.043638 0.750000 0.049404 0.415156
1 0.626807 0.577070 0.025039 0.155703
1 0.650425 0.540469 0.019639 0.121719
7 0.513340 0.606211 0.006406 0.126016
7 0.956602 0.583828 0.006211 0.176875
7 0.258047 0.797852 0.013984 0.406328
8 0.511982 0.598359 0.008770 0.112187
7 0.795586 0.449609 0.005566 0.113281
1 0.604453 0.529805 0.037148 0.248516
