1 0.044644 0.800273 0.043252 0.399453
1 0.108721 0.645039 0.022949 0.155703
1 0.145278 0.584727 0.020498 0.138828
7 0.375581 0.636055 0.003428 0.136797
1 0.394121 0.835586 0.043398 0.328828
1 0.450132 0.791094 0.025830 0.288438
1 0.448853 0.638437 0.009678 0.077031
1 0.434424 0.607031 0.009453 0.067500
3 0.973760 0.521758 0.014648 0.177266
1 0.953467 0.588477 0.012949 0.128672
7 0.836782 0.622500 0.006768 0.150000
7 0.830103 0.615625 0.007510 0.166562
7 0.817378 0.649219 0.007295 0.281406
5 0.566963 0.707227 0.014961 0.160078
5 0.555264 0.710195 0.015859 0.133516
5 0.539849 0.696445 0.012666 0.116484
