1 0.136982 0.691406 0.021660 0.109844
1 0.981011 0.694805 0.016689 0.225391
7 0.919219 0.702227 0.011172 0.403203
1 0.446323 0.617305 0.013271 0.131641
7 0.707568 0.735391 0.011719 0.500000
7 0.695771 0.763047 0.009785 0.446875
7 0.536284 0.613516 0.003467 0.180156
7 0.532236 0.626641 0.003398 0.176719
7 0.305518 0.723750 0.006270 0.172031
7 0.358433 0.683750 0.005791 0.159687
7 0.346631 0.723086 0.004453 0.115078
7 0.337822 0.725508 0.004863 0.132891
1 0.746714 0.334297 0.014033 0.070625
1 0.275884 0.806836 0.094014 0.389609
1 0.046812 0.729375 0.038721 0.306094
1 0.429209 0.654023 0.021074 0.208047
