8 0.064741 0.579570 0.008545 0.183047
1 0.510771 0.754141 0.042637 0.295781
5 0.065571 0.647266 0.012139 0.080313
1 0.543628 0.645938 0.013252 0.158750
1 0.563906 0.645000 0.014746 0.124219
1 0.043760 0.681758 0.037266 0.304297
1 0.932559 0.708555 0.039531 0.401953
1 0.611099 0.813867 0.085889 0.246484
1 0.399575 0.704453 0.014463 0.124219
2 0.486416 0.588828 0.023066 0.172969
7 0.627920 0.576445 0.006211 0.177578
7 0.635601 0.576094 0.006201 0.203125
1 0.594146 0.606289 0.015420 0.109453
1 0.371191 0.658594 0.011973 0.090781
1 0.235039 0.697305 0.016035 0.085703
1 0.353359 0.639141 0.006953 0.053594
1 0.347588 0.627578 0.006172 0.037031
7 0.943525 0.493906 0.007188 0.112656
1 0.282778 0.727187 0.015869 0.072188
