1 0.033584 0.616523 0.014668 0.148672
1 0.084600 0.813594 0.047324 0.289688
1 0.396260 0.860820 0.047812 0.301797
1 0.468975 0.662500 0.017617 0.160937
1 0.982729 0.544063 0.010908 0.093281
5 0.949985 0.601250 0.011416 0.107187
7 0.392681 0.687852 0.004424 0.144766
7 0.340103 0.683672 0.005693 0.130156
7 0.246499 0.685156 0.006650 0.179063
7 0.246929 0.691914 0.005576 0.181797
7 0.320161 0.697227 0.006768 0.144766
7 0.341719 0.640586 0.004805 0.079297
2 0.019780 0.526172 0.015518 0.117187
5 0.223149 0.711797 0.005459 0.104062
5 0.217129 0.714609 0.003379 0.107969
5 0.211333 0.699180 0.005107 0.112734
5 0.204600 0.699102 0.003887 0.105234
