1 0.108799 0.813320 0.052129 0.355234
1 0.343999 0.771406 0.027490 0.132812
1 0.414380 0.816133 0.043701 0.347891
1 0.462485 0.763398 0.026006 0.268672
1 0.029541 0.574023 0.007520 0.063672
3 0.039736 0.535977 0.017793 0.192109
1 0.025322 0.600156 0.010742 0.078906
2 0.021421 0.504180 0.005146 0.069297
1 0.048696 0.632305 0.012959 0.131172
7 0.989336 0.567969 0.004141 0.148438
1 0.240811 0.766758 0.035703 0.218516
2 0.111426 0.639414 0.035352 0.133672
1 0.141689 0.714609 0.023066 0.143125
1 0.169048 0.745938 0.025166 0.170156
1 0.203457 0.772578 0.026621 0.155781
