3 0.008252 0.448711 0.016504 0.255703
1 0.143809 0.561602 0.008887 0.040859
1 0.170132 0.626172 0.009912 0.079688
7 0.565947 0.355703 0.002676 0.040156
1 0.169644 0.901367 0.106865 0.193359
1 0.076499 0.562109 0.009111 0.128906
1 0.086836 0.576406 0.011289 0.154062
1 0.100303 0.600703 0.015410 0.126406
1 0.117280 0.601133 0.017783 0.122578
1 0.134775 0.651563 0.023613 0.157813
1 0.153604 0.690547 0.022871 0.142031
1 0.187695 0.632500 0.005273 0.063125
1 0.504087 0.808125 0.029092 0.281719
1 0.426118 0.823242 0.054990 0.339609
1 0.019360 0.512422 0.007959 0.127969
7 0.555308 0.756406 0.008018 0.278438
1 0.624209 0.538320 0.021445 0.111172
7 0.528330 0.598203 0.003359 0.138125
7 0.338672 0.739102 0.005859 0.221797
1 0.155693 0.560469 0.008750 0.076406
3 0.993325 0.407813 0.013350 0.203125
1 0.461401 0.679531 0.012158 0.091875
