1 0.856104 0.495938 0.019922 0.105469
1 0.842852 0.467461 0.019141 0.101328
1 0.477124 0.693789 0.018076 0.154609
1 0.005156 0.613594 0.009375 0.117969
1 0.033706 0.586523 0.008213 0.063047
1 0.018491 0.609805 0.010654 0.097422
1 0.066265 0.713594 0.028779 0.226719
1 0.141499 0.825508 0.079170 0.326953
7 0.614717 0.702891 0.010918 0.384219
1 0.832695 0.434688 0.014902 0.120469
1 0.825371 0.417305 0.017227 0.109766
1 0.812300 0.408359 0.008291 0.061094
1 0.800117 0.388047 0.008633 0.071875
2 0.428252 0.626328 0.065195 0.614375
3 0.464199 0.588828 0.007461 0.160000
1 0.503755 0.638516 0.012393 0.191719
1 0.490933 0.632305 0.007627 0.060547
