1 0.627422 0.516094 0.014824 0.079219
1 0.484707 0.796875 0.052207 0.406250
2 0.407729 0.418750 0.040986 0.209219
1 0.443315 0.558633 0.025146 0.136016
1 0.309404 0.566797 0.015645 0.087500
1 0.293555 0.546016 0.013379 0.072812
1 0.308584 0.550391 0.017129 0.093750
3 0.272847 0.512539 0.026826 0.128516
1 0.274961 0.530703 0.013125 0.074687
7 0.649302 0.565156 0.005830 0.112031
7 0.658389 0.553008 0.006094 0.102422
7 0.002754 0.562266 0.003789 0.161719
7 0.573145 0.517813 0.003906 0.071875
7 0.459893 0.526484 0.005078 0.120313
7 0.466396 0.527109 0.005664 0.117188
7 0.471572 0.524375 0.004102 0.114844
7 0.475527 0.521641 0.003027 0.112500
7 0.489443 0.526719 0.005859 0.116406
7 0.450293 0.522578 0.005664 0.114062
