1 0.964443 0.585508 0.017832 0.104609
7 0.954663 0.646328 0.006904 0.192969
7 0.333354 0.613672 0.005283 0.148125
8 0.517983 0.521250 0.008232 0.199219
7 0.534775 0.499570 0.003887 0.160859
7 0.539702 0.494688 0.004404 0.176563
7 0.008779 0.613164 0.001582 0.148672
7 0.631162 0.520156 0.004785 0.148438
7 0.639980 0.521562 0.005762 0.155469
5 0.804429 0.939453 0.031963 0.119531
7 0.799072 0.791406 0.003613 0.399375
1 0.965879 0.586094 0.016406 0.101250
1 0.490244 0.433359 0.006074 0.058125
1 0.373906 0.618398 0.020605 0.114922
1 0.399395 0.623125 0.019629 0.110156
1 0.421025 0.579375 0.012695 0.052344
