1 0.675864 0.596992 0.017158 0.126172
1 0.976743 0.651992 0.014990 0.158672
7 0.407100 0.636016 0.007461 0.146094
7 0.465620 0.641992 0.006787 0.182109
1 0.716318 0.486797 0.005176 0.048437
1 0.834438 0.433516 0.006709 0.067656
7 0.426831 0.652852 0.005225 0.133672
1 0.583901 0.830898 0.050713 0.331953
1 0.011318 0.805781 0.023281 0.395625
1 0.986733 0.801484 0.025303 0.395000
1 0.637866 0.619414 0.018467 0.116484
1 0.654341 0.608984 0.017178 0.101406
7 0.944253 0.613555 0.006631 0.225391
7 0.054307 0.608164 0.006855 0.243828
7 0.762129 0.515547 0.005566 0.113438
1 0.606284 0.576602 0.045439 0.311797
