1 0.511104 0.685937 0.019395 0.122031
1 0.252998 0.847617 0.065566 0.304766
1 0.409624 0.713086 0.020400 0.093516
1 0.582227 0.653633 0.020488 0.098984
1 0.456870 0.687539 0.014717 0.095391
1 0.565845 0.637109 0.020986 0.157188
1 0.334751 0.704258 0.011123 0.099453
1 0.346943 0.683672 0.011992 0.124844
1 0.325830 0.659961 0.007598 0.064453
1 0.319023 0.662109 0.007188 0.067969
1 0.491240 0.684180 0.017070 0.108984
1 0.910610 0.757070 0.055439 0.505547
1 0.596372 0.844570 0.060537 0.293672
2 0.401738 0.652891 0.022617 0.156094
7 0.641582 0.626367 0.006055 0.260078
7 0.652891 0.634453 0.007324 0.291719
1 0.197793 0.682734 0.016895 0.090313
7 0.938130 0.483672 0.006455 0.146094
1 0.249370 0.733359 0.015225 0.077500
