7 0.945581 0.632539 0.008916 0.313672
1 0.292822 0.835703 0.082129 0.328594
1 0.228774 0.870234 0.066299 0.259531
1 0.486655 0.657500 0.014951 0.156563
1 0.008931 0.761992 0.017686 0.329141
1 0.509893 0.631094 0.011855 0.189375
1 0.081934 0.757227 0.032617 0.259453
1 0.035581 0.705820 0.024658 0.226172
1 0.006074 0.595625 0.011230 0.100156
1 0.019424 0.569648 0.011953 0.096797
2 0.055156 0.553320 0.027070 0.330547
7 0.895522 0.715703 0.009541 0.481094
7 0.858750 0.544492 0.014629 0.287578
7 0.868003 0.779297 0.031377 0.441406
1 0.139878 0.704844 0.020146 0.304688
7 0.210254 0.770742 0.006719 0.189766
1 0.452065 0.818789 0.044951 0.361172
