1 0.989878 0.630000 0.016514 0.114062
1 0.992822 0.606445 0.014355 0.119922
7 0.153716 0.691484 0.005596 0.184219
7 0.182109 0.604023 0.006543 0.165234
7 0.188140 0.586719 0.006533 0.171406
7 0.251729 0.675352 0.004785 0.103828
7 0.258687 0.670195 0.004326 0.090859
7 0.784697 0.636328 0.008926 0.264844
7 0.778032 0.621367 0.006924 0.261953
7 0.770830 0.621211 0.007480 0.240391
7 0.869019 0.751875 0.015088 0.490000
6 0.727168 0.780156 0.007773 0.285000
6 0.954448 0.833594 0.013193 0.332812
6 0.738799 0.707305 0.006582 0.198047
6 0.741416 0.679922 0.005254 0.165156
6 0.859805 0.860352 0.007109 0.279297
6 0.856431 0.859453 0.006514 0.279062
6 0.850049 0.858633 0.006602 0.282734
6 0.828037 0.843750 0.017207 0.312500
