1 0.420908 0.627031 0.024902 0.142500
1 0.484277 0.557383 0.020703 0.145859
3 0.313101 0.620586 0.048760 0.247891
1 0.507100 0.555156 0.024199 0.156719
6 0.465918 0.720781 0.010215 0.352812
7 0.599985 0.670859 0.008018 0.281719
3 0.547974 0.523789 0.069775 0.359141
3 0.551099 0.526445 0.063330 0.343672
1 0.989424 0.582852 0.020645 0.129453
1 0.487124 0.855273 0.040420 0.285703
1 0.027988 0.824766 0.055645 0.347969
1 0.016807 0.607070 0.019199 0.091328
1 0.048208 0.578477 0.014971 0.125703
1 0.384678 0.747969 0.042949 0.433750
