1 0.485967 0.658633 0.012344 0.125391
1 0.040791 0.530273 0.011133 0.123047
1 0.171147 0.802266 0.077041 0.387344
1 0.427583 0.749141 0.029717 0.221250
1 0.506099 0.605547 0.011416 0.092031
1 0.175254 0.678438 0.014941 0.106719
1 0.258940 0.719062 0.013936 0.142188
1 0.469868 0.658086 0.012568 0.112266
1 0.063311 0.625430 0.017930 0.138984
1 0.508882 0.589141 0.008936 0.083906
7 0.535459 0.602812 0.004141 0.118281
1 0.026934 0.623516 0.020977 0.192656
1 0.504028 0.722539 0.018291 0.221328
1 0.352183 0.802070 0.128975 0.395859
3 0.004170 0.507422 0.008301 0.188125
2 0.015703 0.477539 0.009980 0.144609
