1 0.504756 0.614570 0.010078 0.081797
1 0.099966 0.669531 0.036357 0.249531
1 0.053857 0.558789 0.007754 0.055391
1 0.266479 0.657461 0.014912 0.106484
7 0.416465 0.701016 0.006621 0.146719
1 0.380225 0.854141 0.088281 0.237031
1 0.078955 0.590234 0.022363 0.135156
7 0.160854 0.682266 0.006279 0.208281
7 0.431274 0.673086 0.005303 0.130547
7 0.911934 0.751211 0.017520 0.488984
5 0.906343 0.902578 0.041963 0.165000
1 0.732344 0.465625 0.016934 0.097187
1 0.005815 0.574766 0.011025 0.129688
1 0.488896 0.634062 0.010957 0.108594
1 0.049961 0.735703 0.028906 0.273281
1 0.022578 0.581875 0.010117 0.083594
1 0.506055 0.730078 0.020137 0.221875
1 0.468770 0.772617 0.025430 0.232422
