1 0.504790 0.639648 0.013389 0.092734
1 0.489478 0.626367 0.011357 0.115391
1 0.479829 0.713086 0.016338 0.157891
1 0.463027 0.637969 0.014238 0.157813
1 0.449224 0.668906 0.015908 0.102500
1 0.230977 0.848164 0.087949 0.323516
1 0.116064 0.811914 0.052031 0.352578
1 0.047529 0.758711 0.033535 0.317578
1 0.503164 0.785273 0.030918 0.341641
1 0.368291 0.823867 0.121934 0.342891
7 0.951221 0.488984 0.002637 0.070156
1 0.062603 0.663477 0.023252 0.209766
3 0.005903 0.511914 0.011494 0.303672
2 0.021758 0.481172 0.013750 0.237500
