8 0.074150 0.553086 0.006523 0.208516
2 0.610479 0.610664 0.018887 0.120859
1 0.546396 0.642109 0.008555 0.057813
1 0.984951 0.470938 0.024277 0.198906
1 0.347227 0.832031 0.086445 0.335938
1 0.426187 0.785977 0.020752 0.259453
7 0.677964 0.793203 0.029814 0.413594
7 0.609624 0.677266 0.007080 0.233906
1 0.003843 0.514023 0.007686 0.153672
1 0.052715 0.615469 0.023477 0.216406
1 0.885649 0.780117 0.106396 0.439766
7 0.949268 0.451445 0.007559 0.200078
1 0.944072 0.758398 0.049941 0.483203
8 0.962065 0.582891 0.011592 0.307500
1 0.988652 0.589531 0.022695 0.248125
1 0.451514 0.668711 0.015664 0.221172
1 0.462397 0.681875 0.013232 0.079375
1 0.465024 0.680977 0.012021 0.076953
