1 0.157754 0.582695 0.008809 0.055391
7 0.555249 0.375391 0.002139 0.037344
1 0.239043 0.926289 0.106504 0.147422
1 0.089668 0.589648 0.011250 0.151172
1 0.103784 0.600313 0.015771 0.154062
1 0.121787 0.638516 0.019141 0.138594
1 0.141753 0.642461 0.019424 0.142891
1 0.163433 0.689414 0.024443 0.181641
1 0.185986 0.712227 0.021836 0.164453
1 0.221230 0.650156 0.008652 0.078906
1 0.205249 0.654023 0.008506 0.081016
1 0.501895 0.826211 0.034238 0.323828
1 0.444268 0.801172 0.051523 0.390000
1 0.258462 0.821641 0.077939 0.338906
7 0.554385 0.674219 0.008027 0.286875
1 0.615205 0.529805 0.019199 0.111172
7 0.554258 0.559648 0.003359 0.113359
7 0.368921 0.700547 0.005166 0.196406
1 0.172847 0.573594 0.008760 0.076406
8 0.955029 0.385469 0.005254 0.078125
3 0.992954 0.416680 0.013721 0.176484
1 0.472808 0.640664 0.007627 0.065078
