7 0.428965 0.739727 0.007891 0.246172
7 0.437520 0.685312 0.006562 0.188125
8 0.222500 0.727773 0.008828 0.312266
6 0.686392 0.567266 0.008115 0.219375
6 0.679424 0.578672 0.008086 0.225469
1 0.698013 0.437617 0.014463 0.157109
5 0.648438 0.573516 0.013164 0.226250
5 0.626123 0.530625 0.011973 0.196406
6 0.667129 0.531875 0.009609 0.207031
7 0.607690 0.718047 0.020166 0.561094
8 0.213784 0.729336 0.008760 0.325703
7 0.511650 0.635859 0.005371 0.138906
7 0.520884 0.612305 0.005244 0.126328
5 0.216631 0.800781 0.026133 0.211094
