1 0.688120 0.503242 0.015518 0.107109
7 0.485146 0.584922 0.005898 0.113125
7 0.499688 0.593633 0.006465 0.111328
8 0.503086 0.593789 0.008770 0.101172
1 0.100918 0.813750 0.070703 0.359219
1 0.507280 0.874766 0.039893 0.236875
1 0.011084 0.808320 0.022852 0.390859
1 0.987090 0.795859 0.024941 0.400625
1 0.033809 0.701016 0.038496 0.345313
1 0.626587 0.574922 0.024951 0.144219
1 0.648237 0.548789 0.018154 0.117109
7 0.512842 0.591797 0.005332 0.101562
7 0.955137 0.595273 0.006602 0.208672
7 0.205845 0.788281 0.013506 0.422031
7 0.785088 0.457031 0.005566 0.113438
1 0.604526 0.527539 0.036299 0.252578
