1 0.046382 0.631289 0.024424 0.241016
1 0.459810 0.711016 0.017939 0.176875
1 0.479692 0.639297 0.012412 0.106250
1 0.493730 0.625195 0.016855 0.103047
8 0.438833 0.660391 0.004893 0.126094
1 0.513228 0.561016 0.011533 0.085156
3 0.488511 0.545859 0.011553 0.106875
1 0.995386 0.875977 0.009229 0.215234
1 0.990020 0.555547 0.009473 0.104688
1 0.980942 0.615039 0.018545 0.175703
1 0.503818 0.761562 0.031816 0.340156
1 0.553955 0.841797 0.046191 0.310156
1 0.015210 0.782070 0.030361 0.430234
1 0.962256 0.756250 0.030176 0.329688
1 0.884565 0.854688 0.100889 0.289531
3 0.530220 0.593086 0.024561 0.318516
7 0.414341 0.762109 0.006396 0.196719
