1 0.006699 0.643750 0.012402 0.205000
1 0.079248 0.575937 0.016113 0.109687
1 0.162520 0.622852 0.009590 0.088203
1 0.495776 0.554219 0.003857 0.047656
1 0.499551 0.546797 0.005859 0.038281
1 0.628740 0.531641 0.018223 0.134844
1 0.044053 0.704727 0.040449 0.397109
1 0.510161 0.572344 0.007979 0.072813
7 0.490718 0.773047 0.012900 0.371094
7 0.458325 0.776016 0.012158 0.381719
7 0.349902 0.753359 0.007949 0.228594
7 0.629824 0.553008 0.007090 0.150703
1 0.089844 0.802383 0.069805 0.393203
7 0.563345 0.501445 0.003428 0.108828
7 0.559683 0.496758 0.002920 0.115234
2 0.513452 0.522344 0.010322 0.063281
1 0.151748 0.646719 0.017793 0.116094
1 0.133418 0.596953 0.021426 0.128281
1 0.111577 0.603047 0.023936 0.062500
1 0.098140 0.583672 0.017217 0.101094
1 0.238203 0.898555 0.124570 0.202891
1 0.996992 0.645586 0.006016 0.166328
2 0.490381 0.536758 0.008574 0.110234
