1 0.002808 0.570781 0.005713 0.135000
1 0.521265 0.531797 0.004307 0.039062
1 0.081602 0.575937 0.018867 0.109687
1 0.163667 0.622109 0.010146 0.089531
1 0.498076 0.543672 0.004453 0.037188
1 0.626196 0.521406 0.018408 0.122812
1 0.045073 0.720820 0.040459 0.391953
1 0.509604 0.578281 0.008115 0.073125
7 0.456084 0.750664 0.015957 0.356484
7 0.427187 0.755625 0.010293 0.353750
7 0.366611 0.737812 0.007187 0.266406
7 0.603115 0.554609 0.007090 0.150625
1 0.092808 0.809414 0.071670 0.342578
7 0.562935 0.462969 0.003428 0.106875
7 0.559175 0.466953 0.002920 0.105000
2 0.509634 0.504141 0.006514 0.079219
1 0.156709 0.646953 0.019316 0.121250
1 0.134814 0.596992 0.021426 0.125234
1 0.111577 0.595469 0.023936 0.077656
1 0.098560 0.583281 0.017217 0.101094
1 0.260112 0.898555 0.123506 0.202891
1 0.997134 0.568008 0.005732 0.114453
2 0.493296 0.527539 0.006611 0.085234
