1 0.678062 0.555469 0.016455 0.119531
1 0.979297 0.645781 0.014492 0.152344
1 0.512114 0.605234 0.009189 0.083125
7 0.453193 0.623984 0.007461 0.146094
7 0.595547 0.757852 0.009629 0.361484
7 0.483896 0.621133 0.005762 0.127266
7 0.714038 0.508164 0.004893 0.112734
7 0.490273 0.626914 0.005332 0.135391
7 0.242476 0.695352 0.008447 0.265391
8 0.490107 0.618086 0.005879 0.118828
1 0.843325 0.403203 0.006709 0.067656
1 0.993022 0.541055 0.012490 0.147578
7 0.467031 0.637344 0.005234 0.133594
1 0.023335 0.666055 0.022920 0.239609
1 0.505713 0.834922 0.035781 0.325000
1 0.011904 0.810039 0.023711 0.380078
1 0.988257 0.796289 0.023545 0.397578
1 0.629697 0.612812 0.025527 0.149531
1 0.651216 0.581367 0.018428 0.104766
7 0.950132 0.608555 0.007002 0.228984
7 0.107251 0.681914 0.009717 0.348203
7 0.772905 0.486367 0.005576 0.113359
1 0.606016 0.562852 0.038535 0.265547
