1 0.486519 0.662500 0.012139 0.121250
1 0.057368 0.621992 0.016885 0.165859
1 0.141074 0.679219 0.014961 0.115000
1 0.216025 0.716055 0.012617 0.112578
1 0.118857 0.658828 0.015020 0.099063
1 0.426924 0.796016 0.032871 0.270156
1 0.037114 0.579375 0.007822 0.058594
1 0.506602 0.609023 0.012070 0.102422
1 0.462515 0.693477 0.016748 0.166016
7 0.551016 0.633398 0.006602 0.198828
1 0.187866 0.767344 0.015537 0.158906
1 0.198359 0.856016 0.086855 0.287969
1 0.024023 0.620586 0.019355 0.180703
1 0.503955 0.719453 0.019258 0.219219
1 0.335093 0.813164 0.141787 0.377734
3 0.004053 0.506680 0.008105 0.183672
2 0.014209 0.473789 0.008945 0.134297
