8 0.384023 0.687031 0.006445 0.119531
5 0.384102 0.775234 0.006875 0.100781
7 0.381006 0.647539 0.004004 0.117422
7 0.393457 0.742109 0.005156 0.249063
1 0.705977 0.765156 0.013125 0.143750
1 0.741895 0.594766 0.007227 0.041406
1 0.693291 0.649570 0.012109 0.091172
1 0.511328 0.642930 0.016797 0.145234
1 0.704834 0.602109 0.007129 0.075625
1 0.712891 0.605156 0.006641 0.070312
1 0.719434 0.604375 0.005273 0.062500
1 0.428579 0.658906 0.023584 0.330313
1 0.743755 0.759180 0.014795 0.195547
3 0.116064 0.525000 0.194629 0.950000
7 0.732100 0.676836 0.020234 0.660547
7 0.920747 0.660039 0.012100 0.378359
7 0.843213 0.703438 0.018398 0.609531
2 0.007974 0.498750 0.010615 0.170156
1 0.492114 0.731680 0.023584 0.252266
3 0.454712 0.554844 0.033525 0.126875
1 0.730767 0.618320 0.006689 0.059922
1 0.576807 0.551367 0.008437 0.048984
