1 0.378726 0.631719 0.018877 0.129844
1 0.374731 0.671758 0.019131 0.168984
1 0.032476 0.541992 0.008330 0.075547
7 0.177764 0.797539 0.009551 0.353672
7 0.602187 0.621953 0.005566 0.157031
7 0.167847 0.777305 0.007803 0.338672
7 0.992158 0.472852 0.002188 0.040859
7 0.998120 0.472930 0.003643 0.044766
1 0.990273 0.568945 0.018516 0.167422
1 0.321758 0.641055 0.020273 0.124297
1 0.298340 0.625117 0.012871 0.091797
1 0.422656 0.595195 0.020176 0.132734
3 0.463491 0.549531 0.065088 0.213125
7 0.933491 0.737734 0.012627 0.435625
7 0.845244 0.750352 0.023965 0.497891
1 0.486753 0.860820 0.040928 0.274766
1 0.396045 0.831836 0.036621 0.301172
1 0.285850 0.627383 0.010391 0.077266
3 0.617402 0.488594 0.035254 0.182344
