1 0.491851 0.563945 0.008311 0.069766
1 0.045317 0.616758 0.011709 0.130547
1 0.275171 0.679609 0.026494 0.161406
1 0.293262 0.819258 0.070508 0.361484
1 0.005581 0.625312 0.010850 0.149531
3 0.421104 0.579688 0.029961 0.246875
7 0.984351 0.551953 0.003916 0.095000
1 0.094521 0.721875 0.044941 0.348906
1 0.472266 0.620078 0.010801 0.109062
1 0.026484 0.815977 0.035527 0.372422
1 0.508730 0.645469 0.018711 0.236875
1 0.038164 0.687656 0.020371 0.187187
1 0.015903 0.565273 0.012354 0.105703
1 0.436680 0.746211 0.032363 0.311328
