1 0.415640 0.878555 0.074365 0.242891
1 0.065806 0.816641 0.052041 0.366719
1 0.023867 0.605547 0.013086 0.126719
1 0.011621 0.762539 0.023242 0.367109
7 0.362803 0.688828 0.011367 0.303281
1 0.480522 0.676289 0.019424 0.171328
3 0.520952 0.565742 0.015732 0.241484
3 0.503843 0.538125 0.008643 0.080625
1 0.504175 0.652891 0.012783 0.132969
1 0.971694 0.692539 0.031787 0.306484
7 0.625884 0.712695 0.011123 0.314766
1 0.758535 0.650234 0.058848 0.377656
1 0.822466 0.685078 0.050205 0.295625
1 0.873672 0.631211 0.033320 0.232266
1 0.897881 0.607813 0.019766 0.157813
1 0.918267 0.568945 0.023389 0.159453
3 0.994800 0.500117 0.010146 0.153203
7 0.624839 0.720547 0.009307 0.301875
