7 0.815190 0.486211 0.003447 0.090703
7 0.796108 0.464883 0.003350 0.094922
7 0.386328 0.634609 0.005078 0.174531
5 0.836147 0.833125 0.024170 0.281094
6 0.166353 0.828867 0.010557 0.288516
7 0.923750 0.560273 0.003203 0.083672
8 0.926045 0.558281 0.003340 0.093437
1 0.438506 0.643906 0.014668 0.185781
1 0.424219 0.617148 0.011152 0.096641
1 0.650215 0.698594 0.024102 0.233281
1 0.326958 0.700234 0.041924 0.251875
7 0.051641 0.606211 0.008379 0.251484
7 0.715356 0.550195 0.004248 0.082578
8 0.217832 0.746250 0.022266 0.325156
5 0.218018 0.819727 0.022285 0.184453
5 0.849053 0.861406 0.012598 0.275000
8 0.169360 0.719570 0.012158 0.445391
