1 0.014580 0.793438 0.028730 0.417344
1 0.378477 0.681250 0.022969 0.136875
1 0.988726 0.595117 0.014424 0.185703
3 0.927935 0.500156 0.109951 0.999687
1 0.563462 0.831758 0.052568 0.321484
3 0.524512 0.576836 0.020430 0.321641
1 0.500718 0.777930 0.025400 0.288828
2 0.501787 0.557695 0.014746 0.160078
1 0.992783 0.845586 0.014434 0.308828
1 0.412275 0.875391 0.054746 0.249219
1 0.583086 0.575000 0.008242 0.126875
1 0.484751 0.655430 0.011260 0.120391
1 0.034663 0.638711 0.019736 0.184297
1 0.355195 0.676875 0.017031 0.125625
