1 0.024878 0.731445 0.028604 0.339766
3 0.420874 0.573789 0.090830 0.399766
1 0.313174 0.660664 0.018633 0.107109
1 0.324517 0.629258 0.018369 0.122109
1 0.047632 0.571562 0.010830 0.117500
7 0.602979 0.653242 0.008379 0.296797
7 0.122729 0.673984 0.006514 0.234844
7 0.990479 0.472187 0.002188 0.040938
7 0.998120 0.472930 0.003643 0.044766
3 0.656372 0.448867 0.023506 0.134453
1 0.550542 0.531836 0.021982 0.178828
2 0.244131 0.592344 0.010313 0.126563
1 0.292598 0.627773 0.010039 0.066953
1 0.989585 0.571211 0.018975 0.168984
7 0.969526 0.634102 0.008096 0.258203
7 0.931621 0.738164 0.016230 0.495859
1 0.486753 0.860820 0.040928 0.274766
3 0.615742 0.492383 0.035254 0.182266
