1 0.648281 0.718477 0.028457 0.201016
8 0.288071 0.754609 0.019951 0.490781
7 0.650630 0.786523 0.009736 0.401641
7 0.764321 0.605820 0.004092 0.118047
1 0.012368 0.781914 0.023701 0.432578
3 0.038784 0.538789 0.010869 0.097891
1 0.040288 0.675469 0.019092 0.177031
7 0.178506 0.567969 0.003027 0.076250
1 0.053770 0.793047 0.030586 0.359375
1 0.103823 0.754687 0.088096 0.490625
1 0.552061 0.827891 0.052598 0.324531
8 0.669805 0.761602 0.016836 0.476797
5 0.670049 0.901172 0.026973 0.197656
8 0.618950 0.765234 0.011924 0.411719
7 0.765435 0.630156 0.003643 0.110625
