1 0.384419 0.705195 0.021924 0.150078
1 0.423306 0.703594 0.026904 0.181250
2 0.011626 0.541758 0.023252 0.236328
7 0.019585 0.604570 0.004033 0.119766
7 0.487764 0.598164 0.002500 0.121484
7 0.737412 0.495352 0.003027 0.111016
7 0.986133 0.578164 0.002148 0.091641
8 0.972686 0.578789 0.004746 0.098984
5 0.972192 0.609063 0.003623 0.064531
1 0.595801 0.571211 0.037520 0.241953
1 0.004409 0.608086 0.008838 0.117578
7 0.553970 0.782656 0.014834 0.441406
7 0.690244 0.721875 0.014902 0.538594
7 0.949448 0.589375 0.005537 0.152813
7 0.076147 0.675977 0.007080 0.232109
7 0.035137 0.631367 0.005273 0.186172
7 0.406938 0.704766 0.005596 0.230937
5 0.401738 0.762734 0.006875 0.102031
8 0.400552 0.696211 0.006631 0.191641
7 0.492158 0.582070 0.002363 0.094297
7 0.754102 0.455156 0.002773 0.082969
5 0.834634 0.465391 0.003975 0.066094
8 0.834712 0.423594 0.003799 0.104844
