1 0.486216 0.656953 0.012061 0.114062
1 0.035635 0.523281 0.008574 0.076250
1 0.081060 0.667500 0.034658 0.291406
1 0.506084 0.606328 0.011563 0.095156
1 0.155615 0.676992 0.015020 0.103516
1 0.232231 0.717656 0.013330 0.126875
1 0.134346 0.663203 0.018242 0.109375
1 0.454951 0.703437 0.019141 0.172969
1 0.045557 0.602852 0.011621 0.086797
1 0.507671 0.587305 0.010498 0.088672
1 0.471689 0.652109 0.012969 0.124375
7 0.541919 0.616289 0.005674 0.163359
1 0.223916 0.819766 0.022148 0.196563
1 0.024458 0.627969 0.019072 0.183906
1 0.503784 0.713711 0.018428 0.216328
1 0.344624 0.806758 0.129092 0.385703
3 0.004053 0.506680 0.008105 0.183672
2 0.014888 0.475508 0.009404 0.138984
