1 0.012568 0.760039 0.024043 0.460859
1 0.079248 0.575937 0.016113 0.109687
1 0.162261 0.622188 0.009072 0.086875
1 0.991543 0.461445 0.008047 0.053203
1 0.490835 0.570000 0.005322 0.048438
1 0.519473 0.538945 0.007090 0.035078
1 0.494531 0.560391 0.005859 0.038281
1 0.628638 0.527461 0.018721 0.124766
1 0.045361 0.711680 0.041348 0.432891
1 0.510537 0.560430 0.005586 0.047422
7 0.536948 0.757617 0.010225 0.355547
7 0.506279 0.753711 0.013418 0.389453
7 0.332793 0.710234 0.007500 0.168281
7 0.657261 0.524805 0.006514 0.119766
1 0.093960 0.806602 0.066865 0.378672
7 0.564727 0.550430 0.003437 0.114922
7 0.560811 0.547500 0.003066 0.131406
1 0.151455 0.647695 0.017207 0.114141
1 0.133418 0.596953 0.021426 0.128281
1 0.111577 0.603867 0.023936 0.060859
1 0.098140 0.583672 0.017217 0.101094
1 0.238203 0.898555 0.124570 0.202891
1 0.996230 0.756641 0.007539 0.453438
2 0.482808 0.541367 0.011689 0.138516
