1 0.491060 0.575352 0.030986 0.184453
7 0.235293 0.652344 0.004199 0.075781
3 0.296582 0.628516 0.055273 0.194531
7 0.530908 0.702617 0.012129 0.310391
1 0.344395 0.642422 0.015137 0.077031
7 0.598418 0.605313 0.005313 0.214375
7 0.611943 0.560312 0.005410 0.140937
1 0.604683 0.473633 0.009580 0.065703
1 0.485547 0.852734 0.039648 0.294531
1 0.419121 0.586250 0.020313 0.145000
1 0.386206 0.635039 0.021553 0.122422
1 0.334111 0.634766 0.020879 0.123125
1 0.369854 0.603750 0.023691 0.136875
1 0.989551 0.561328 0.020898 0.175781
8 0.506074 0.676953 0.016973 0.276719
5 0.506743 0.734805 0.016650 0.155391
