7 0.756982 0.407344 0.002461 0.083125
7 0.753755 0.385156 0.001924 0.065625
3 0.553418 0.566719 0.035801 0.132812
7 0.538525 0.601797 0.002871 0.096562
1 0.006006 0.643750 0.011270 0.189531
1 0.040405 0.631719 0.017920 0.202969
1 0.057827 0.725977 0.039893 0.343359
3 0.025459 0.513789 0.020410 0.271797
7 0.171895 0.751797 0.011270 0.370313
7 0.174849 0.814844 0.008447 0.239062
7 0.572993 0.685859 0.005264 0.238125
7 0.776074 0.510234 0.003750 0.110156
7 0.779619 0.559297 0.004961 0.145156
7 0.766650 0.466211 0.004043 0.104453
1 0.997305 0.639766 0.005391 0.200781
7 0.972363 0.597617 0.006309 0.144453
3 0.503594 0.561758 0.017090 0.248047
1 0.501787 0.791992 0.022285 0.299297
