1 0.014517 0.789531 0.028506 0.427188
1 0.079248 0.575937 0.016113 0.109687
1 0.162261 0.622188 0.009072 0.086875
1 0.995435 0.470430 0.007705 0.057734
1 0.487432 0.580586 0.004531 0.059297
1 0.510938 0.538008 0.007090 0.035078
1 0.493496 0.563516 0.005859 0.038281
1 0.628633 0.527383 0.018262 0.124453
1 0.044849 0.705937 0.044229 0.428281
1 0.512744 0.557422 0.004785 0.038281
7 0.552202 0.709336 0.008701 0.326172
7 0.525669 0.760273 0.013896 0.366953
7 0.326016 0.692500 0.007500 0.149375
7 0.667734 0.516953 0.005156 0.044844
1 0.090459 0.805000 0.067168 0.383750
7 0.567661 0.576016 0.003428 0.115469
7 0.564199 0.568359 0.003242 0.142187
1 0.151455 0.647695 0.017207 0.114141
1 0.133418 0.596953 0.021426 0.128281
1 0.111577 0.603867 0.023936 0.060859
1 0.098140 0.583672 0.017217 0.101094
1 0.238203 0.898555 0.124570 0.202891
1 0.996011 0.802383 0.007979 0.381016
2 0.478877 0.547031 0.013320 0.155469
