1 0.160186 0.590352 0.008730 0.055391
1 0.141855 0.892891 0.101230 0.205156
1 0.091094 0.591523 0.011270 0.151172
1 0.107451 0.612383 0.015195 0.154141
1 0.122383 0.643320 0.018633 0.146641
1 0.143140 0.648438 0.020498 0.156250
1 0.165200 0.694180 0.024971 0.197266
1 0.188926 0.720547 0.021152 0.179219
1 0.223726 0.650742 0.009697 0.088828
1 0.208735 0.657656 0.008506 0.080937
1 0.501211 0.826406 0.036113 0.328125
1 0.444258 0.792461 0.049238 0.411641
1 0.388276 0.730859 0.016982 0.224063
7 0.573784 0.683281 0.008018 0.288906
1 0.613657 0.525586 0.021006 0.111172
7 0.571836 0.532539 0.003359 0.095078
7 0.368408 0.691211 0.004727 0.179766
1 0.173794 0.569805 0.008760 0.076484
8 0.920229 0.264453 0.005479 0.080000
3 0.988062 0.422539 0.010010 0.129609
1 0.473706 0.628789 0.008604 0.062422
