7 0.469839 0.633477 0.005244 0.115859
7 0.455278 0.641992 0.004697 0.162109
1 0.841187 0.622773 0.047471 0.278359
1 0.013545 0.797578 0.027090 0.404844
7 0.102388 0.697148 0.007666 0.309141
1 0.028857 0.652500 0.016816 0.166719
3 0.531641 0.574375 0.029492 0.392188
3 0.502759 0.524414 0.013389 0.145547
1 0.503423 0.730664 0.023545 0.268359
1 0.900859 0.819453 0.096250 0.361094
7 0.908340 0.610000 0.009297 0.148750
1 0.914326 0.565508 0.023574 0.193047
3 0.992026 0.509492 0.010674 0.203828
7 0.921812 0.584609 0.009502 0.114062
