1 0.036108 0.707812 0.020439 0.205937
1 0.044585 0.579492 0.008408 0.074453
1 0.461553 0.611172 0.009727 0.060937
1 0.502041 0.631680 0.013945 0.115078
1 0.473618 0.695977 0.019893 0.201328
1 0.873262 0.487266 0.020000 0.104531
1 0.085903 0.807227 0.062920 0.385547
1 0.456006 0.825547 0.035410 0.323750
1 0.344971 0.791289 0.155566 0.406016
1 0.857437 0.451250 0.017295 0.101250
2 0.842671 0.418125 0.021240 0.129375
1 0.498887 0.865625 0.041855 0.268750
2 0.020518 0.491406 0.014531 0.270313
1 0.006182 0.567266 0.011328 0.118281
