1 0.015674 0.580977 0.011348 0.166328
1 0.069614 0.795820 0.057900 0.408359
1 0.026206 0.661406 0.016982 0.202969
1 0.181836 0.908672 0.084570 0.182656
1 0.502383 0.605313 0.009004 0.088906
1 0.449121 0.801602 0.040703 0.323828
1 0.393535 0.880195 0.080117 0.239609
1 0.489331 0.625195 0.009775 0.084141
1 0.473330 0.692539 0.018516 0.211328
7 0.987559 0.552695 0.003437 0.107266
1 0.573071 0.508789 0.018408 0.124453
1 0.594819 0.509180 0.020264 0.139766
1 0.608677 0.495938 0.017666 0.125469
1 0.624673 0.604727 0.038857 0.230547
2 0.010645 0.500547 0.014160 0.275469
3 0.867148 0.500000 0.226484 1.000000
