1 0.493291 0.604492 0.007480 0.076172
1 0.486196 0.659180 0.012080 0.120234
1 0.044805 0.537578 0.012988 0.150625
1 0.451748 0.688281 0.021992 0.166250
1 0.507334 0.597031 0.011074 0.091562
1 0.185444 0.686953 0.014150 0.106875
1 0.281968 0.719844 0.016650 0.153125
1 0.165435 0.678320 0.023076 0.127734
1 0.473564 0.639258 0.012012 0.103516
1 0.076514 0.654336 0.026074 0.214922
1 0.427935 0.726367 0.027920 0.202734
1 0.028052 0.632227 0.022041 0.198828
1 0.504414 0.712656 0.019160 0.226719
1 0.358120 0.796016 0.121514 0.402969
3 0.004336 0.508437 0.008594 0.194844
2 0.016113 0.478594 0.010254 0.147500
