5 0.591230 0.655234 0.015449 0.115938
1 0.046665 0.796641 0.042471 0.406719
1 0.116729 0.711641 0.024590 0.162969
1 0.156606 0.645273 0.021865 0.140703
7 0.405859 0.675859 0.004766 0.170156
1 0.361836 0.893203 0.085234 0.213594
1 0.485566 0.771328 0.024531 0.291406
1 0.499238 0.621211 0.010117 0.082578
1 0.485137 0.599453 0.009453 0.067500
7 0.922427 0.573281 0.006221 0.116406
7 0.919487 0.582461 0.005791 0.153984
7 0.915786 0.590781 0.006240 0.225469
5 0.667715 0.693867 0.015957 0.221641
5 0.647695 0.702617 0.020195 0.160391
5 0.622686 0.690703 0.015957 0.157031
