7 0.870566 0.743086 0.016289 0.510078
7 0.898330 0.662695 0.009766 0.346484
7 0.921719 0.685430 0.009238 0.337578
7 0.816880 0.717891 0.009912 0.402031
7 0.904102 0.608828 0.007715 0.298438
7 0.926787 0.580859 0.005371 0.228750
7 0.853198 0.676758 0.013623 0.458984
7 0.952939 0.600820 0.008770 0.234922
3 0.440308 0.614570 0.052471 0.449609
1 0.338574 0.812109 0.139258 0.375781
1 0.475317 0.711367 0.019521 0.189766
1 0.508691 0.783125 0.034512 0.357500
1 0.014849 0.730625 0.030850 0.528125
7 0.836777 0.745352 0.014727 0.507891
3 0.974819 0.529336 0.033428 0.470859
