1 0.005972 0.524961 0.008682 0.074922
1 0.434819 0.820234 0.027725 0.257031
1 0.482837 0.633828 0.009834 0.090469
7 0.410791 0.549453 0.002148 0.050781
1 0.513228 0.561016 0.011533 0.085156
3 0.494419 0.560078 0.008311 0.090000
1 0.994634 0.892383 0.009775 0.215234
1 0.988809 0.563906 0.009707 0.127656
1 0.979316 0.603828 0.017461 0.196094
1 0.500405 0.800352 0.034209 0.367891
1 0.580366 0.853164 0.050869 0.269141
1 0.017144 0.787656 0.033408 0.411719
1 0.960171 0.760234 0.040166 0.375156
1 0.875625 0.845430 0.104375 0.305078
3 0.535381 0.613398 0.028770 0.383047
7 0.445254 0.708594 0.006035 0.184375
