1 0.347070 0.679414 0.019980 0.118516
7 0.983936 0.573789 0.005410 0.155391
7 0.966582 0.697344 0.010000 0.333750
7 0.970708 0.591875 0.007100 0.216406
7 0.603076 0.777539 0.020664 0.444922
7 0.524985 0.615859 0.004053 0.132500
7 0.538760 0.647031 0.007578 0.234219
1 0.799351 0.600820 0.034053 0.406328
1 0.734131 0.516797 0.020801 0.214844
1 0.786504 0.532344 0.016426 0.167500
1 0.778027 0.468750 0.010156 0.112500
1 0.739546 0.473086 0.009854 0.145859
1 0.174863 0.622812 0.016875 0.099687
1 0.025229 0.588750 0.014424 0.145469
1 0.006167 0.565391 0.009307 0.079688
1 0.478174 0.719297 0.018066 0.179844
1 0.107368 0.860938 0.074990 0.278125
2 0.017339 0.488320 0.010732 0.177422
