1 0.993252 0.610156 0.012578 0.155469
7 0.385083 0.696953 0.003408 0.122656
7 0.337212 0.704844 0.004932 0.163125
7 0.414980 0.655312 0.003809 0.133906
2 0.088936 0.558437 0.056309 0.515312
1 0.017725 0.686328 0.020996 0.171094
1 0.010937 0.580078 0.010742 0.096094
1 0.263501 0.829258 0.076904 0.338203
1 0.436611 0.710625 0.021504 0.157187
1 0.454814 0.670156 0.012734 0.109063
1 0.386885 0.785469 0.046953 0.335781
7 0.844678 0.739805 0.019434 0.517109
7 0.790552 0.545859 0.003037 0.102031
7 0.793589 0.538828 0.003037 0.102344
