1 0.385054 0.695742 0.018936 0.141641
1 0.420947 0.697383 0.022188 0.167891
7 0.020952 0.605742 0.003994 0.120234
7 0.490518 0.594961 0.002246 0.116797
7 0.736514 0.494805 0.003027 0.112266
7 0.989814 0.582305 0.002148 0.090547
8 0.973232 0.578164 0.004102 0.094141
5 0.972944 0.605234 0.003467 0.060156
1 0.602490 0.574414 0.035254 0.246484
1 0.006343 0.626680 0.012686 0.159141
7 0.542227 0.780703 0.014687 0.446406
7 0.701880 0.706719 0.013936 0.513125
7 0.950420 0.594531 0.005762 0.156563
7 0.082749 0.688086 0.007236 0.239609
7 0.038530 0.639453 0.005928 0.202344
7 0.410444 0.704570 0.005518 0.232578
5 0.409248 0.768828 0.008828 0.136094
8 0.409053 0.702500 0.009121 0.203281
7 0.494014 0.579141 0.002227 0.091094
7 0.754351 0.452656 0.002725 0.081562
5 0.832593 0.467695 0.004189 0.071172
8 0.832959 0.426563 0.003926 0.107812
