7 0.899365 0.453594 0.002949 0.078437
3 0.453799 0.581680 0.080430 0.407109
7 0.115459 0.639414 0.004609 0.096016
8 0.096504 0.633242 0.009258 0.122891
2 0.739629 0.388633 0.005879 0.082266
7 0.884111 0.450703 0.005566 0.121094
8 0.910303 0.446758 0.005273 0.112734
7 0.502378 0.653477 0.011338 0.124453
8 0.545210 0.789062 0.017217 0.421875
1 0.512012 0.837500 0.041602 0.325000
1 0.734023 0.447031 0.007695 0.061250
7 0.714302 0.540664 0.005771 0.187578
1 0.672329 0.529844 0.017744 0.114844
1 0.638364 0.561641 0.024775 0.174375
1 0.609023 0.582383 0.030176 0.194453
1 0.556226 0.639648 0.031455 0.175859
7 0.750508 0.429023 0.003203 0.072891
1 0.063486 0.829531 0.065977 0.319688
1 0.049292 0.612500 0.017979 0.075781
