1 0.041899 0.584648 0.011182 0.080234
2 0.284277 0.515195 0.192188 0.969609
1 0.029116 0.566914 0.008213 0.061953
1 0.053911 0.663008 0.021826 0.172422
1 0.490752 0.579961 0.005723 0.068828
7 0.533018 0.577227 0.002930 0.102266
7 0.529912 0.580625 0.002344 0.109062
1 0.668379 0.373125 0.012148 0.052500
1 0.004038 0.639727 0.007549 0.211172
1 0.462446 0.706016 0.024072 0.282188
1 0.134048 0.836797 0.123779 0.292031
7 0.971079 0.555195 0.003838 0.175391
7 0.974009 0.553711 0.004697 0.192109
7 0.983296 0.503477 0.003174 0.078828
1 0.480664 0.617383 0.011895 0.117734
