1 0.102676 0.805000 0.086055 0.387187
1 0.044756 0.724063 0.034629 0.312656
1 0.055596 0.587969 0.017012 0.215469
7 0.007778 0.542578 0.003193 0.066406
7 0.004941 0.528672 0.002734 0.055469
3 0.205996 0.519258 0.286797 0.960703
1 0.273389 0.895664 0.120938 0.208672
7 0.353945 0.476016 0.003398 0.105000
2 0.382134 0.410898 0.036455 0.258516
1 0.528955 0.611641 0.029160 0.191250
2 0.577202 0.566172 0.037061 0.235625
1 0.599946 0.644297 0.017822 0.102656
7 0.577739 0.218945 0.003311 0.051172
7 0.838608 0.111328 0.006318 0.176875
7 0.957104 0.739922 0.010322 0.408281
7 0.886226 0.846836 0.010342 0.285078
7 0.896963 0.756563 0.011133 0.486875
