7 0.923984 0.542148 0.003008 0.165547
1 0.953682 0.533125 0.006016 0.050781
7 0.362935 0.681641 0.004600 0.121094
1 0.964985 0.569688 0.019736 0.270625
7 0.896182 0.553477 0.007012 0.368047
7 0.903691 0.679805 0.012832 0.482891
7 0.920200 0.551055 0.005693 0.159922
3 0.442090 0.582891 0.163633 0.834219
7 0.064014 0.583828 0.006250 0.164062
5 0.042720 0.601562 0.011572 0.089375
5 0.027349 0.573164 0.007217 0.054141
7 0.353462 0.677656 0.006143 0.143125
7 0.256660 0.698711 0.005488 0.170547
7 0.339927 0.678828 0.002959 0.131875
7 0.315488 0.676602 0.004160 0.116641
