1 0.003599 0.614023 0.006455 0.153672
1 0.079771 0.575937 0.016729 0.109687
1 0.162700 0.623281 0.009951 0.089063
1 0.497183 0.547773 0.004229 0.041328
1 0.628271 0.524922 0.018262 0.126719
1 0.044229 0.704961 0.039785 0.390547
1 0.509873 0.575547 0.008184 0.076562
7 0.468066 0.762539 0.012695 0.363984
7 0.438208 0.774961 0.013623 0.379766
7 0.358916 0.751680 0.006660 0.255859
7 0.614189 0.553008 0.007090 0.150703
1 0.090063 0.807344 0.069561 0.374844
7 0.563052 0.479492 0.003428 0.106953
7 0.559448 0.478555 0.002920 0.104922
2 0.509561 0.509219 0.006660 0.069062
1 0.152393 0.644531 0.019082 0.120469
1 0.133418 0.596953 0.021426 0.128281
1 0.111577 0.598437 0.023936 0.071719
1 0.098140 0.583672 0.017217 0.101094
1 0.244707 0.898555 0.124141 0.202891
1 0.996924 0.586914 0.006152 0.126953
2 0.492563 0.537383 0.007021 0.095859
