1 0.621675 0.517734 0.015928 0.082188
1 0.653838 0.513633 0.007578 0.061484
1 0.484736 0.797344 0.052383 0.405312
2 0.406948 0.434375 0.041553 0.238594
1 0.418838 0.560781 0.024629 0.132812
1 0.304111 0.563047 0.015313 0.087344
1 0.292422 0.545820 0.013086 0.071016
1 0.308662 0.551758 0.016543 0.092422
3 0.272671 0.514687 0.026162 0.122812
1 0.274365 0.529648 0.013125 0.074766
7 0.649849 0.564453 0.005830 0.112031
7 0.658389 0.553008 0.006094 0.102422
8 0.643799 0.518359 0.005469 0.053125
7 0.003652 0.558359 0.003789 0.161719
7 0.574775 0.517656 0.003906 0.071875
7 0.459893 0.526484 0.005078 0.120313
7 0.466396 0.527109 0.005664 0.117188
7 0.471572 0.524375 0.004102 0.114844
7 0.475527 0.521641 0.003027 0.112500
7 0.489639 0.526719 0.005859 0.116406
7 0.450293 0.522578 0.005664 0.114062
