1 0.381187 0.629336 0.020127 0.129453
1 0.355156 0.660898 0.020957 0.150078
1 0.032104 0.531562 0.008838 0.083437
7 0.178110 0.770820 0.019268 0.458203
7 0.181372 0.809805 0.010107 0.355391
7 0.603364 0.627500 0.005889 0.166875
7 0.172109 0.791211 0.007559 0.351172
7 0.992256 0.472930 0.002188 0.040859
7 0.998120 0.472930 0.003643 0.044766
1 0.669624 0.465078 0.006631 0.118281
1 0.990396 0.570547 0.018760 0.163125
1 0.327559 0.638242 0.020273 0.124297
1 0.301929 0.625469 0.014150 0.102656
1 0.427979 0.591211 0.018906 0.125234
3 0.465918 0.543828 0.066230 0.214219
7 0.928662 0.751836 0.013906 0.464609
7 0.833745 0.750625 0.024170 0.498125
1 0.486753 0.860820 0.040928 0.274766
1 0.393604 0.841406 0.039551 0.246875
1 0.288447 0.626758 0.010898 0.088828
3 0.617500 0.488359 0.035254 0.182344
1 0.253320 0.625156 0.007617 0.058594
