7 0.165820 0.716562 0.005605 0.184219
7 0.193906 0.623594 0.006309 0.171562
7 0.199771 0.623789 0.005400 0.153828
7 0.264487 0.680586 0.004795 0.103828
7 0.272202 0.677227 0.004326 0.087734
7 0.808599 0.637461 0.008193 0.231172
7 0.799707 0.616055 0.007031 0.250078
7 0.792432 0.612070 0.006934 0.246172
7 0.895059 0.755039 0.013867 0.484297
6 0.755049 0.788359 0.007773 0.285000
6 0.972651 0.837539 0.013193 0.324922
6 0.760186 0.695898 0.006582 0.191016
6 0.886602 0.856797 0.007969 0.286406
6 0.883247 0.858359 0.006104 0.282344
6 0.876733 0.852266 0.007373 0.295469
6 0.857627 0.844727 0.014043 0.310547
