1 0.479673 0.796172 0.052178 0.407656
2 0.409189 0.428320 0.038457 0.240234
1 0.571045 0.529687 0.020410 0.102812
1 0.387056 0.572734 0.023936 0.137656
1 0.309785 0.558867 0.015781 0.095859
1 0.330908 0.564805 0.020703 0.102578
3 0.273901 0.513516 0.030908 0.135313
1 0.276675 0.544844 0.013115 0.086094
7 0.639282 0.569492 0.005830 0.111953
8 0.621973 0.514844 0.005469 0.053125
7 0.990088 0.596094 0.005371 0.179688
7 0.558887 0.518750 0.003906 0.071875
7 0.456768 0.530391 0.005078 0.120313
7 0.463369 0.529453 0.005664 0.117187
7 0.468936 0.525156 0.004102 0.114844
7 0.472793 0.524766 0.003027 0.112500
7 0.483877 0.526719 0.005859 0.116406
7 0.447070 0.524922 0.005664 0.114062
