1 0.226279 0.635508 0.014219 0.098672
7 0.539487 0.699023 0.007334 0.224922
7 0.516025 0.603750 0.004551 0.115625
1 0.213623 0.668320 0.014414 0.115391
7 0.531523 0.634570 0.005313 0.173828
1 0.240239 0.647500 0.007861 0.059375
1 0.333848 0.602734 0.017090 0.062813
1 0.048701 0.706484 0.030352 0.311094
1 0.003472 0.566953 0.006709 0.061250
1 0.487988 0.640313 0.013027 0.112344
1 0.450400 0.830625 0.040996 0.330000
2 0.014805 0.493008 0.012754 0.239766
7 0.985889 0.552344 0.003223 0.070312
7 0.977446 0.557344 0.003486 0.077187
7 0.970625 0.575078 0.003926 0.125625
