1 0.027500 0.645508 0.016992 0.137891
1 0.090845 0.669727 0.023271 0.136797
1 0.438608 0.752969 0.025635 0.223281
1 0.458926 0.612422 0.009492 0.054375
1 0.501924 0.637148 0.011523 0.120703
1 0.472954 0.701797 0.019033 0.197500
1 0.032622 0.558125 0.008721 0.078125
1 0.873481 0.486875 0.019229 0.106719
1 0.069346 0.811484 0.049863 0.388906
1 0.453564 0.811211 0.040918 0.366953
1 0.334619 0.786289 0.167480 0.417891
1 0.857437 0.451250 0.017295 0.101250
2 0.842671 0.418125 0.021240 0.129375
1 0.498887 0.865625 0.041855 0.268750
2 0.016563 0.480469 0.014375 0.207188
1 0.005918 0.549570 0.009180 0.083047
