1 0.490620 0.579922 0.005654 0.041094
7 0.672920 0.400312 0.005039 0.117500
7 0.976387 0.601719 0.004453 0.184063
1 0.343174 0.807422 0.130000 0.385156
7 0.716792 0.761172 0.019990 0.477656
7 0.979575 0.591445 0.003779 0.133359
1 0.117808 0.824531 0.085537 0.348906
1 0.020635 0.819570 0.041230 0.359453
1 0.054478 0.784922 0.039873 0.419844
1 0.013154 0.599727 0.025195 0.080547
7 0.256650 0.700156 0.007129 0.197344
7 0.517212 0.575000 0.002646 0.058594
7 0.664351 0.424414 0.005850 0.209766
5 0.678691 0.455859 0.014316 0.091719
