1 0.089795 0.603477 0.014160 0.093047
7 0.989541 0.536289 0.004473 0.125859
7 0.533716 0.587383 0.003877 0.146484
1 0.053389 0.578047 0.007676 0.057969
1 0.120796 0.659336 0.017002 0.128203
1 0.077769 0.739688 0.031768 0.270625
1 0.319922 0.862422 0.073242 0.271719
1 0.481460 0.666875 0.012568 0.170781
2 0.491421 0.536680 0.016592 0.277109
1 0.468433 0.649336 0.015029 0.163828
7 0.425234 0.708281 0.005371 0.152500
1 0.034922 0.645781 0.022656 0.288438
1 0.005151 0.587617 0.010049 0.090859
1 0.015220 0.563359 0.006885 0.059375
