1 0.415396 0.508633 0.016377 0.110859
7 0.827437 0.890547 0.007021 0.218906
1 0.368623 0.457070 0.013691 0.079141
7 0.571724 0.239492 0.004443 0.056172
1 0.558828 0.575039 0.014434 0.062734
1 0.398926 0.866133 0.087891 0.267734
1 0.113169 0.816367 0.093779 0.357734
7 0.390757 0.616680 0.006748 0.259141
7 0.089292 0.521211 0.004854 0.131016
7 0.138452 0.501641 0.005068 0.206719
7 0.149805 0.514414 0.004102 0.210234
7 0.104751 0.514805 0.004775 0.129453
7 0.819839 0.762266 0.019502 0.475469
1 0.542285 0.569609 0.015820 0.087656
3 0.028467 0.501953 0.021582 0.233594
1 0.470420 0.576133 0.024355 0.124766
