1 0.486206 0.657070 0.012061 0.119922
1 0.037354 0.521758 0.009277 0.090391
1 0.103906 0.727422 0.041934 0.326719
1 0.409873 0.780156 0.032656 0.265000
1 0.506426 0.602734 0.011543 0.096875
1 0.162896 0.679805 0.014951 0.109609
1 0.239731 0.720469 0.013096 0.130625
1 0.140547 0.663594 0.020371 0.106563
1 0.461060 0.682813 0.016162 0.146563
1 0.049980 0.611875 0.013008 0.101406
1 0.506943 0.584023 0.009824 0.080391
1 0.474600 0.639219 0.013145 0.120938
7 0.539478 0.616836 0.005693 0.165547
1 0.243735 0.834141 0.028838 0.210781
1 0.025093 0.631602 0.019854 0.188828
1 0.503999 0.713516 0.018369 0.215625
1 0.346870 0.802891 0.124404 0.387188
3 0.004053 0.506680 0.008105 0.183672
2 0.015161 0.476172 0.009600 0.140937
