1 0.095669 0.771328 0.046162 0.355313
1 0.338374 0.775664 0.027744 0.137266
1 0.398096 0.823828 0.052441 0.352344
1 0.462271 0.762070 0.025244 0.265703
1 0.028271 0.569531 0.007324 0.060937
3 0.037935 0.528711 0.017100 0.180859
1 0.025278 0.598750 0.010771 0.079063
2 0.021387 0.501172 0.005078 0.063281
1 0.045264 0.613281 0.012012 0.115625
7 0.989336 0.567969 0.004141 0.148438
1 0.232407 0.761680 0.035283 0.218516
2 0.113232 0.631914 0.021777 0.129922
1 0.136943 0.701133 0.023066 0.137734
1 0.164077 0.732266 0.025166 0.146406
1 0.195771 0.763516 0.025703 0.155781
