1 0.557520 0.587422 0.017793 0.108281
1 0.597061 0.616445 0.017949 0.106641
7 0.262046 0.541211 0.006572 0.186953
7 0.211133 0.551055 0.008164 0.232109
7 0.103428 0.523125 0.002305 0.126250
7 0.114556 0.525625 0.004053 0.147344
7 0.076138 0.525234 0.002451 0.088594
7 0.089258 0.515781 0.001387 0.105469
7 0.091973 0.519609 0.002520 0.105156
7 0.087959 0.513906 0.001660 0.100469
1 0.007646 0.640430 0.013535 0.116328
1 0.024048 0.602695 0.015088 0.116328
1 0.513311 0.564688 0.019199 0.125312
1 0.389370 0.470469 0.016826 0.106875
8 0.354854 0.509570 0.006133 0.121328
5 0.354590 0.611289 0.012949 0.117109
1 0.047764 0.736055 0.031641 0.289609
1 0.038125 0.541055 0.009082 0.065547
