1 0.687632 0.503516 0.015713 0.106875
7 0.484829 0.585352 0.005889 0.113203
7 0.499023 0.592891 0.006563 0.114844
8 0.502856 0.594414 0.008721 0.102266
1 0.099336 0.813750 0.069473 0.362656
1 0.507080 0.876055 0.039844 0.236641
1 0.011104 0.806875 0.022656 0.391719
1 0.987217 0.812305 0.024824 0.388047
1 0.032446 0.696953 0.036299 0.342969
1 0.627095 0.577148 0.025068 0.146484
1 0.648442 0.548555 0.018232 0.118047
7 0.512549 0.591094 0.005313 0.100938
7 0.954985 0.596133 0.006611 0.207734
7 0.202046 0.786680 0.013584 0.423984
7 0.784668 0.458047 0.005566 0.113438
1 0.604531 0.527422 0.036250 0.252812
