7 0.925986 0.511641 0.004102 0.102500
8 0.968447 0.550781 0.005273 0.118750
3 0.725522 0.445391 0.029326 0.173906
7 0.620566 0.674883 0.009492 0.334609
8 0.545210 0.789062 0.017217 0.421875
1 0.512012 0.837500 0.041602 0.325000
1 0.587153 0.652344 0.031494 0.191875
7 0.670703 0.604609 0.009453 0.260000
1 0.690488 0.515117 0.015508 0.111953
1 0.658716 0.540234 0.022588 0.158906
1 0.634048 0.552344 0.026416 0.173125
1 0.589390 0.604414 0.024092 0.144766
7 0.748979 0.433555 0.003193 0.072891
1 0.528545 0.646992 0.033008 0.147734
7 0.420718 0.715781 0.007100 0.242969
1 0.124116 0.649922 0.009814 0.104688
