1 0.027031 0.563086 0.013711 0.123047
1 0.424858 0.820547 0.034092 0.300938
1 0.471133 0.666133 0.012598 0.115391
1 0.485225 0.649727 0.014512 0.126641
1 0.513228 0.561016 0.011533 0.085156
3 0.484131 0.534453 0.012852 0.116250
1 0.995386 0.875977 0.009229 0.215234
1 0.989365 0.548164 0.009121 0.101797
1 0.981143 0.606641 0.017871 0.174219
1 0.504067 0.762344 0.032197 0.336719
1 0.553955 0.841797 0.046191 0.310156
1 0.014102 0.787383 0.028809 0.427578
1 0.962852 0.736367 0.034746 0.332109
1 0.894756 0.843320 0.098359 0.302109
3 0.528638 0.596367 0.021650 0.282109
7 0.389292 0.799609 0.007744 0.321094
