3 0.005684 0.436914 0.011367 0.232109
1 0.155425 0.575313 0.008877 0.055469
7 0.561655 0.364258 0.002471 0.038359
1 0.263784 0.938047 0.106221 0.122969
1 0.086719 0.573945 0.011504 0.139297
1 0.100752 0.588203 0.013477 0.154062
1 0.117642 0.620156 0.018350 0.142813
1 0.137461 0.625391 0.021484 0.150781
1 0.156860 0.682148 0.023916 0.165547
1 0.179712 0.697812 0.023467 0.160781
1 0.215928 0.630625 0.005449 0.052812
1 0.201519 0.648633 0.008506 0.081016
1 0.502847 0.826055 0.031865 0.319766
1 0.444277 0.809609 0.053711 0.369219
1 0.051655 0.594414 0.025205 0.200234
7 0.542500 0.695742 0.008027 0.268672
1 0.617739 0.533789 0.019561 0.111172
7 0.537383 0.585703 0.003359 0.130781
7 0.362573 0.716641 0.005615 0.212500
1 0.167856 0.570469 0.008760 0.076406
3 0.993325 0.407813 0.013350 0.203125
1 0.471431 0.652031 0.007705 0.067656
