1 0.662959 0.531523 0.016504 0.129609
7 0.097417 0.633398 0.005264 0.113828
8 0.130605 0.641992 0.004863 0.115859
7 0.898916 0.484414 0.005566 0.121172
3 0.740898 0.397539 0.011914 0.096328
7 0.550166 0.763125 0.010586 0.363437
8 0.545210 0.789062 0.017217 0.421875
1 0.512012 0.837500 0.041602 0.325000
1 0.718091 0.487812 0.014189 0.104687
7 0.700698 0.562148 0.009072 0.217891
1 0.680566 0.525000 0.017285 0.114844
1 0.639985 0.554570 0.025127 0.171797
1 0.610659 0.574023 0.030361 0.209141
1 0.563169 0.634766 0.032412 0.173437
7 0.750205 0.429922 0.003203 0.072969
1 0.401699 0.862734 0.057656 0.307188
7 0.399033 0.694219 0.006973 0.186406
1 0.064810 0.623945 0.017979 0.094609
