1 0.486113 0.654023 0.012344 0.122578
1 0.038726 0.527148 0.010205 0.105391
1 0.129019 0.792344 0.056475 0.397188
1 0.424102 0.751680 0.032793 0.250547
1 0.169355 0.678789 0.015078 0.108828
1 0.248301 0.717227 0.014238 0.145234
1 0.465835 0.669180 0.013193 0.120078
1 0.055781 0.621172 0.014941 0.120625
1 0.508130 0.580000 0.009268 0.078438
1 0.477754 0.635586 0.012676 0.116953
7 0.537593 0.616172 0.006123 0.172969
1 0.265576 0.845586 0.036484 0.218516
1 0.026968 0.633672 0.021201 0.189844
1 0.503984 0.712305 0.017930 0.215391
1 0.350264 0.798633 0.126309 0.397422
3 0.004053 0.506680 0.008105 0.183672
2 0.015430 0.476836 0.009785 0.142734
