1 0.050703 0.633984 0.022812 0.208594
1 0.465415 0.705547 0.016455 0.164375
1 0.481104 0.638086 0.011309 0.099141
1 0.496807 0.624961 0.016758 0.095859
8 0.442051 0.656836 0.004648 0.115234
1 0.513228 0.561016 0.011533 0.085156
3 0.489766 0.549102 0.011191 0.104141
1 0.995386 0.875977 0.009229 0.215234
1 0.990186 0.560547 0.009355 0.107656
1 0.981152 0.619023 0.018164 0.178984
1 0.501929 0.770273 0.027393 0.332734
1 0.553955 0.841797 0.046191 0.310156
1 0.015757 0.774922 0.030986 0.432813
1 0.961396 0.769844 0.037441 0.375937
1 0.883916 0.853594 0.100977 0.289531
3 0.531367 0.590938 0.024531 0.325937
7 0.420547 0.747969 0.006406 0.196719
