1 0.240078 0.614766 0.023945 0.129531
1 0.210498 0.566094 0.017305 0.111094
1 0.065288 0.623477 0.017080 0.149922
1 0.048208 0.562109 0.008330 0.063281
1 0.276548 0.569141 0.005264 0.047344
1 0.286260 0.576250 0.006191 0.038906
1 0.294033 0.577891 0.005488 0.037187
1 0.303755 0.579141 0.008311 0.052656
1 0.318604 0.580039 0.006250 0.053828
7 0.815781 0.810937 0.013008 0.378125
1 0.311758 0.579727 0.006367 0.056328
1 0.325742 0.581094 0.006328 0.043438
1 0.341597 0.585156 0.006885 0.045312
1 0.333364 0.588086 0.006709 0.038672
2 0.019741 0.496563 0.013057 0.078125
