1 0.593345 0.725625 0.033799 0.206094
8 0.419141 0.740117 0.011719 0.393203
5 0.419775 0.849219 0.013965 0.268750
7 0.598032 0.786406 0.009736 0.416250
7 0.751099 0.611094 0.004072 0.110469
1 0.012832 0.782383 0.025664 0.435234
3 0.042017 0.542109 0.013135 0.119375
1 0.048032 0.713594 0.024775 0.215000
7 0.185400 0.577148 0.003184 0.081953
1 0.078643 0.830078 0.057910 0.339844
1 0.195845 0.783438 0.156611 0.433125
1 0.519756 0.827305 0.041348 0.342891
8 0.619575 0.766055 0.011709 0.467891
5 0.620024 0.867578 0.025596 0.260156
8 0.586533 0.765469 0.011035 0.401563
7 0.745991 0.625000 0.003701 0.107500
