1 0.465669 0.645078 0.014482 0.139219
1 0.476060 0.574375 0.011572 0.093437
7 0.434932 0.653125 0.005820 0.178437
7 0.710303 0.760312 0.015723 0.455937
7 0.041270 0.522461 0.003750 0.101484
7 0.704243 0.491133 0.004326 0.128047
5 0.909331 0.587461 0.011123 0.101484
5 0.875796 0.563320 0.011670 0.098203
5 0.910195 0.589883 0.008125 0.087578
6 0.962842 0.574375 0.003027 0.073750
7 0.958481 0.491016 0.004131 0.110156
8 0.962876 0.535937 0.005107 0.181250
7 0.792915 0.497109 0.003408 0.062188
1 0.482876 0.605078 0.009482 0.082187
