1 0.026348 0.659336 0.019883 0.120234
1 0.034277 0.629531 0.019141 0.101875
7 0.185205 0.676523 0.005605 0.179766
7 0.216426 0.588125 0.006309 0.158125
7 0.221738 0.585430 0.005078 0.146328
7 0.287397 0.640820 0.004795 0.103828
7 0.295264 0.633945 0.004336 0.091953
7 0.845210 0.650195 0.007471 0.280859
7 0.836992 0.654414 0.009102 0.281797
7 0.828701 0.644141 0.006934 0.250781
7 0.930083 0.758164 0.012432 0.483672
6 0.794404 0.784531 0.007773 0.285000
6 0.992163 0.836875 0.013193 0.319688
6 0.787607 0.732070 0.005449 0.187422
6 0.924639 0.843633 0.007266 0.279141
6 0.919785 0.847461 0.005078 0.283516
6 0.914121 0.850313 0.007734 0.299375
6 0.895762 0.833086 0.013828 0.319766
