1 0.357588 0.595469 0.012129 0.094531
1 0.034814 0.606719 0.012734 0.118594
1 0.316973 0.564219 0.021562 0.125312
3 0.303613 0.605781 0.053633 0.204688
1 0.420703 0.624180 0.029082 0.153672
1 0.079824 0.718789 0.034922 0.365703
7 0.136616 0.719922 0.007764 0.281563
7 0.625449 0.476016 0.002734 0.036719
7 0.991201 0.472461 0.002188 0.040859
7 0.998120 0.472930 0.003643 0.044766
3 0.653936 0.444180 0.028379 0.129766
1 0.669453 0.478359 0.004922 0.093281
1 0.435498 0.587891 0.014160 0.132031
1 0.271045 0.618750 0.007734 0.069375
1 0.989976 0.572539 0.018311 0.172109
1 0.368467 0.597852 0.021426 0.123203
3 0.461074 0.531289 0.049531 0.196797
7 0.960386 0.656602 0.008838 0.331484
7 0.921216 0.750898 0.017686 0.497734
1 0.486753 0.860820 0.040928 0.274766
3 0.616455 0.490781 0.035254 0.182344
