1 0.488018 0.652148 0.010059 0.111484
1 0.729819 0.513047 0.011201 0.125938
1 0.506343 0.686523 0.013057 0.148203
1 0.008188 0.661836 0.016377 0.267578
1 0.030112 0.633242 0.017061 0.190234
1 0.229624 0.682930 0.012705 0.137734
1 0.279888 0.771641 0.021455 0.201875
1 0.266304 0.636914 0.010986 0.125391
1 0.264746 0.548047 0.012305 0.068906
1 0.110552 0.886055 0.079307 0.227891
1 0.474326 0.746641 0.021309 0.227500
1 0.294434 0.694844 0.024590 0.240625
1 0.682070 0.597969 0.014102 0.129062
1 0.734927 0.644180 0.017529 0.208984
