1 0.045117 0.584609 0.010547 0.130781
1 0.494229 0.581914 0.008574 0.079922
1 0.064775 0.706172 0.035059 0.257656
1 0.218945 0.881328 0.111523 0.237344
1 0.361401 0.681523 0.016318 0.098828
7 0.978174 0.538086 0.003809 0.116016
1 0.037539 0.611172 0.013262 0.148438
1 0.389370 0.800625 0.049580 0.373906
1 0.474043 0.662578 0.013164 0.132344
1 0.008296 0.793281 0.016611 0.373437
1 0.508823 0.636953 0.016123 0.202813
1 0.023833 0.664297 0.019814 0.208906
1 0.010386 0.553398 0.011396 0.098516
7 0.985098 0.549219 0.004063 0.125937
1 0.432178 0.811094 0.046543 0.364844
