1 0.023071 0.778203 0.032920 0.394375
3 0.450522 0.543047 0.092314 0.406562
1 0.325903 0.660469 0.019912 0.122031
1 0.317515 0.629570 0.019775 0.134141
1 0.045410 0.561172 0.009023 0.096719
7 0.604502 0.679258 0.011680 0.356484
7 0.120596 0.670586 0.006191 0.233047
7 0.990361 0.472109 0.002188 0.040937
7 0.998120 0.472930 0.003643 0.044766
3 0.658555 0.413945 0.026484 0.212266
1 0.563838 0.523281 0.023105 0.178906
1 0.361514 0.629492 0.021738 0.138828
2 0.247734 0.591953 0.010312 0.126563
1 0.289873 0.626055 0.008457 0.065078
1 0.989854 0.569531 0.019062 0.166563
7 0.970015 0.630781 0.008096 0.258125
7 0.933472 0.729961 0.016299 0.488203
1 0.486753 0.860820 0.040928 0.274766
3 0.615615 0.492656 0.035254 0.182344
