1 0.710171 0.668633 0.010322 0.096797
7 0.446821 0.798125 0.018369 0.402500
7 0.961685 0.542852 0.006436 0.186172
8 0.533613 0.779336 0.029570 0.312891
5 0.534712 0.940586 0.031553 0.118828
7 0.360244 0.698516 0.006699 0.219375
1 0.734521 0.789023 0.013125 0.139297
1 0.752959 0.603672 0.005566 0.056250
1 0.524722 0.674648 0.012490 0.118828
1 0.600962 0.580977 0.010791 0.062109
1 0.717666 0.620820 0.007227 0.076172
1 0.725488 0.631328 0.006641 0.065781
1 0.732744 0.625703 0.005762 0.062656
1 0.740498 0.626680 0.006836 0.057891
1 0.747681 0.626875 0.005674 0.057812
1 0.400410 0.723203 0.035313 0.459063
1 0.772085 0.768164 0.017979 0.196172
3 0.011646 0.490234 0.014912 0.177969
7 0.928569 0.626094 0.012119 0.458281
7 0.940117 0.591797 0.009395 0.304375
