1 0.250977 0.663164 0.015234 0.160703
1 0.127026 0.571523 0.010518 0.080078
1 0.317554 0.703672 0.042334 0.237031
1 0.696055 0.649180 0.021211 0.090703
1 0.748584 0.651602 0.007520 0.045391
1 0.756289 0.650508 0.007422 0.050078
7 0.332617 0.572656 0.003125 0.090625
7 0.479644 0.568867 0.004580 0.140391
1 0.856152 0.653125 0.013867 0.098438
7 0.920464 0.567539 0.004521 0.147266
1 0.849878 0.695234 0.018896 0.094531
1 0.792363 0.672578 0.007461 0.078281
1 0.782656 0.677500 0.021016 0.126250
1 0.541665 0.595703 0.013447 0.127344
