2 0.367905 0.627109 0.087178 0.716094
1 0.040161 0.784648 0.031006 0.256484
1 0.006831 0.665430 0.013467 0.222578
1 0.029238 0.647578 0.023105 0.193594
1 0.018818 0.594609 0.011719 0.112031
1 0.236172 0.697344 0.018398 0.177031
1 0.204614 0.601758 0.017119 0.068359
1 0.445386 0.691094 0.023428 0.194375
1 0.473447 0.644648 0.006270 0.082578
1 0.479951 0.632773 0.006680 0.066484
1 0.463633 0.659844 0.012930 0.137969
7 0.590972 0.750469 0.012373 0.365312
7 0.736587 0.573633 0.003037 0.138984
7 0.739419 0.566914 0.003037 0.139922
3 0.698823 0.563633 0.019189 0.177266
7 0.414956 0.666094 0.005264 0.152344
