1 0.832173 0.487148 0.020107 0.108359
1 0.821401 0.463125 0.022061 0.121406
1 0.479150 0.693320 0.017891 0.159922
1 0.004692 0.592773 0.008955 0.111797
1 0.044692 0.600508 0.013252 0.101016
1 0.017920 0.589531 0.010742 0.092187
1 0.075806 0.727695 0.035283 0.255234
1 0.184824 0.836523 0.092051 0.317422
7 0.586919 0.686172 0.009072 0.297344
1 0.812388 0.442305 0.014893 0.120547
1 0.806968 0.419922 0.018271 0.121875
1 0.794019 0.412422 0.008291 0.061094
1 0.787588 0.385352 0.008633 0.071953
2 0.439878 0.609727 0.049971 0.534609
3 0.468652 0.587773 0.007168 0.137266
1 0.503755 0.620195 0.009443 0.145547
1 0.492041 0.621289 0.006641 0.053047
