1 0.380767 0.844688 0.045771 0.292344
1 0.450693 0.697070 0.020000 0.180078
1 0.898994 0.525273 0.037285 0.256641
1 0.424868 0.782930 0.033408 0.295859
1 0.792251 0.428008 0.014678 0.137578
1 0.467471 0.659258 0.013848 0.124766
1 0.477144 0.616602 0.009639 0.089609
1 0.092095 0.723672 0.031240 0.241719
1 0.330962 0.867305 0.044795 0.243516
1 0.171733 0.657461 0.015205 0.057578
1 0.013838 0.549766 0.012480 0.090781
1 0.028833 0.611133 0.011885 0.108359
1 0.040352 0.662031 0.031309 0.269219
1 0.483794 0.667031 0.008506 0.070000
1 0.505171 0.645664 0.010967 0.084297
1 0.492515 0.610469 0.008232 0.067344
