1 0.027300 0.687539 0.024561 0.275391
3 0.388926 0.578711 0.085078 0.361328
1 0.298994 0.657891 0.016113 0.098438
1 0.330874 0.609922 0.018896 0.115156
1 0.051357 0.580469 0.012051 0.131094
7 0.599336 0.650937 0.008379 0.296875
7 0.125400 0.678281 0.006914 0.237187
7 0.990635 0.472227 0.002188 0.041016
7 0.998120 0.472930 0.003643 0.044766
3 0.656489 0.446016 0.023271 0.128750
2 0.239629 0.592734 0.010313 0.126563
1 0.299912 0.631016 0.011621 0.068750
1 0.989717 0.567344 0.019102 0.171562
3 0.459712 0.533984 0.052842 0.198281
7 0.968921 0.638281 0.008096 0.258125
7 0.930527 0.736836 0.015586 0.496953
1 0.486753 0.860820 0.040928 0.274766
3 0.615898 0.492031 0.035254 0.182344
