1 0.370884 0.634531 0.017646 0.118594
1 0.389258 0.644570 0.023633 0.168984
1 0.033389 0.546250 0.007734 0.070312
7 0.178335 0.820195 0.009463 0.342578
7 0.180669 0.766914 0.020576 0.455234
7 0.181895 0.822227 0.009590 0.339766
7 0.600781 0.631133 0.005957 0.181641
7 0.163628 0.767187 0.008057 0.327969
7 0.992031 0.472852 0.002188 0.040859
7 0.998120 0.472930 0.003643 0.044766
3 0.655513 0.448711 0.025225 0.132578
1 0.482690 0.564063 0.029521 0.154844
1 0.990205 0.568008 0.018574 0.170391
1 0.315557 0.641719 0.019902 0.120937
1 0.293569 0.623086 0.012002 0.090234
1 0.417153 0.594531 0.020928 0.136875
3 0.465195 0.548789 0.065918 0.214453
7 0.937095 0.745195 0.012158 0.419141
7 0.860576 0.749961 0.023711 0.497422
1 0.486753 0.860820 0.040928 0.274766
1 0.400391 0.857422 0.025586 0.285156
1 0.282632 0.625586 0.009912 0.071641
3 0.617285 0.488828 0.035254 0.182344
