1 0.484858 0.745820 0.029697 0.187422
1 0.909712 0.542227 0.009834 0.090234
1 0.988398 0.829609 0.023906 0.326719
1 0.429985 0.610078 0.011768 0.091719
1 0.434438 0.623516 0.011904 0.122031
1 0.415498 0.588203 0.007441 0.072187
1 0.536416 0.851641 0.039727 0.297188
1 0.121880 0.550898 0.022354 0.148672
1 0.062891 0.669336 0.035234 0.292734
1 0.021284 0.818320 0.042256 0.343672
1 0.508516 0.633203 0.022344 0.122656
3 0.459980 0.592500 0.053730 0.367344
3 0.951270 0.515000 0.034043 0.356094
3 0.369639 0.627109 0.055332 0.719063
7 0.767603 0.683672 0.008057 0.141094
7 0.735552 0.688945 0.008779 0.218203
