1 0.453340 0.552773 0.016699 0.108984
1 0.478442 0.580078 0.024287 0.141563
1 0.348789 0.623711 0.015020 0.094453
1 0.391680 0.600820 0.013535 0.087734
1 0.496265 0.527891 0.014170 0.081875
7 0.275151 0.829961 0.006357 0.293203
1 0.501401 0.863633 0.058857 0.272734
1 0.480674 0.755508 0.025039 0.265234
1 0.361177 0.616797 0.013135 0.096562
1 0.016763 0.800508 0.033525 0.398984
7 0.223394 0.653594 0.002217 0.074219
7 0.231509 0.656484 0.001963 0.069531
1 0.403110 0.587578 0.016533 0.119062
7 0.112515 0.553594 0.002354 0.064844
1 0.988726 0.800234 0.022549 0.399531
