1 0.426851 0.788320 0.037744 0.283516
1 0.014492 0.563438 0.010000 0.083594
1 0.502163 0.630742 0.011865 0.121484
1 0.472637 0.701797 0.022715 0.230781
1 0.170566 0.799531 0.064297 0.330781
1 0.873315 0.486641 0.019756 0.105937
1 0.084302 0.761445 0.033252 0.294141
1 0.027554 0.635859 0.020146 0.164844
1 0.444360 0.826367 0.042588 0.337734
1 0.226899 0.776172 0.155127 0.447656
1 0.857437 0.451250 0.017295 0.101250
2 0.842671 0.418125 0.021240 0.129375
1 0.498887 0.865625 0.041855 0.268750
2 0.013198 0.484102 0.009229 0.128984
1 0.005767 0.528750 0.006924 0.050000
