7 0.447559 0.680352 0.006406 0.199297
8 0.283018 0.737070 0.006934 0.316641
6 0.640322 0.572070 0.008203 0.184766
6 0.634487 0.574727 0.005752 0.178516
1 0.668091 0.453359 0.012471 0.141719
5 0.609849 0.565898 0.014072 0.193203
5 0.596709 0.535391 0.010332 0.157344
6 0.628687 0.543750 0.006924 0.174844
1 0.011055 0.564844 0.007520 0.065937
7 0.554033 0.756563 0.014629 0.484844
8 0.276665 0.745977 0.004678 0.332109
7 0.508877 0.609219 0.004844 0.110938
7 0.517104 0.601719 0.005498 0.116875
5 0.272896 0.809375 0.023721 0.203750
