7 0.041270 0.499688 0.002344 0.051563
1 0.598721 0.636133 0.015879 0.104922
1 0.483823 0.596562 0.028232 0.150000
1 0.417261 0.512461 0.021729 0.122578
7 0.594854 0.176172 0.003398 0.037500
5 0.786426 0.134961 0.012559 0.072109
8 0.786245 0.086992 0.006807 0.140078
1 0.101987 0.805000 0.084678 0.387187
1 0.044326 0.724063 0.033770 0.312656
1 0.055596 0.587969 0.017012 0.215469
3 0.205293 0.520898 0.285391 0.957422
1 0.273164 0.895664 0.120488 0.208672
7 0.353945 0.476016 0.003398 0.105000
7 0.913105 0.243828 0.004395 0.113281
7 0.983262 0.601719 0.005332 0.172500
7 0.896401 0.756211 0.010693 0.486953
