1 0.379922 0.632930 0.019863 0.127891
1 0.358496 0.672227 0.021230 0.163359
1 0.032217 0.536328 0.008613 0.079844
7 0.178257 0.775430 0.019717 0.450703
7 0.180444 0.806445 0.010537 0.364297
7 0.602734 0.628594 0.005742 0.160000
7 0.170664 0.776289 0.007168 0.337578
7 0.992227 0.472891 0.002188 0.040781
7 0.998120 0.472930 0.003643 0.044766
1 0.990405 0.569570 0.018643 0.162734
1 0.325625 0.639180 0.020273 0.124297
1 0.300728 0.626133 0.013311 0.092578
1 0.426011 0.593711 0.019092 0.125391
3 0.465986 0.547969 0.066191 0.217344
7 0.930459 0.764805 0.013437 0.432734
7 0.837578 0.750547 0.024102 0.497969
1 0.486753 0.860820 0.040928 0.274766
1 0.394414 0.838203 0.038574 0.265000
1 0.287456 0.628320 0.010635 0.080078
3 0.617471 0.488437 0.035254 0.182344
1 0.253320 0.625156 0.007617 0.058594
