1 0.702886 0.469336 0.012607 0.094922
1 0.524297 0.576953 0.007246 0.068750
7 0.491641 0.585547 0.006211 0.109375
7 0.572358 0.619258 0.006221 0.198672
8 0.507412 0.597773 0.009023 0.095859
1 0.104844 0.823438 0.063086 0.342656
1 0.508418 0.876094 0.037617 0.242500
1 0.011162 0.777187 0.021973 0.400469
1 0.988013 0.801328 0.023662 0.397187
1 0.017192 0.691797 0.019521 0.194219
1 0.044238 0.744766 0.049238 0.413750
1 0.626357 0.572500 0.024687 0.150625
1 0.652168 0.537930 0.020098 0.121328
7 0.514204 0.617539 0.006963 0.145859
7 0.956406 0.587266 0.006191 0.171094
7 0.264937 0.791328 0.013369 0.410156
8 0.513813 0.597773 0.008174 0.116953
7 0.797139 0.448984 0.005566 0.113281
1 0.604443 0.530117 0.037266 0.248047
