8 0.385967 0.687891 0.006191 0.119531
5 0.386084 0.769180 0.006641 0.088203
7 0.382012 0.649687 0.004375 0.119844
7 0.394678 0.738750 0.005508 0.242344
1 0.704414 0.766719 0.013125 0.139375
1 0.741372 0.597344 0.006963 0.043437
1 0.692354 0.656445 0.012109 0.086641
1 0.510562 0.646602 0.016826 0.147422
1 0.704004 0.602969 0.007227 0.082500
1 0.430259 0.656914 0.023271 0.326328
1 0.741084 0.767773 0.015762 0.198047
3 0.132324 0.500000 0.224023 1.000000
7 0.719067 0.676875 0.019443 0.655938
7 0.916279 0.672539 0.013379 0.406797
7 0.835112 0.701836 0.017256 0.603359
2 0.008569 0.495938 0.010986 0.170000
1 0.492456 0.736992 0.023799 0.255703
3 0.455820 0.556172 0.033125 0.126875
1 0.717754 0.619023 0.007695 0.072891
1 0.725815 0.616836 0.008467 0.058359
1 0.734087 0.615586 0.006689 0.059922
1 0.575791 0.555586 0.008437 0.048984
