1 0.711865 0.679492 0.011152 0.100703
1 0.399048 0.832227 0.023389 0.273047
1 0.295664 0.659141 0.147383 0.681719
7 0.574028 0.803516 0.018057 0.392969
7 0.968726 0.485781 0.005459 0.142031
8 0.584385 0.653047 0.006816 0.161094
5 0.584888 0.697383 0.006299 0.125547
1 0.737227 0.791992 0.013125 0.139297
1 0.754932 0.601797 0.005566 0.056250
1 0.520947 0.653750 0.010703 0.074219
3 0.395273 0.624492 0.028457 0.231797
1 0.718643 0.634531 0.007227 0.064375
1 0.726299 0.633672 0.006641 0.070312
1 0.734150 0.631641 0.005273 0.062500
1 0.742412 0.631563 0.007324 0.066406
1 0.748936 0.631250 0.005859 0.064844
1 0.774990 0.763398 0.018281 0.196328
7 0.950371 0.553164 0.008164 0.304297
7 0.954937 0.535312 0.006768 0.256094
