8 0.971016 0.553125 0.005273 0.118750
3 0.723726 0.447461 0.030771 0.176641
7 0.624121 0.661875 0.011094 0.344375
8 0.545210 0.789062 0.017217 0.421875
1 0.512012 0.837500 0.041602 0.325000
1 0.574019 0.664219 0.033193 0.196094
7 0.669165 0.606758 0.009443 0.262109
1 0.690386 0.515117 0.015713 0.111953
1 0.659619 0.540234 0.022520 0.158906
1 0.635669 0.550742 0.026084 0.170078
1 0.592769 0.600430 0.026475 0.144609
7 0.748916 0.433789 0.003203 0.072891
1 0.533945 0.642305 0.033008 0.147734
7 0.421855 0.717500 0.007109 0.242969
1 0.127070 0.651211 0.009219 0.106172
