1 0.034502 0.659453 0.033652 0.236094
1 0.478315 0.665117 0.015049 0.212891
7 0.820264 0.768867 0.014668 0.462266
7 0.201333 0.723711 0.005381 0.188828
7 0.206094 0.712031 0.005371 0.182031
1 0.094102 0.732812 0.048320 0.303750
7 0.538408 0.601914 0.005508 0.150703
7 0.194961 0.681719 0.006035 0.141250
1 0.142891 0.653750 0.016211 0.113281
1 0.123340 0.839883 0.080078 0.320234
1 0.015278 0.566016 0.008857 0.066094
2 0.396851 0.499805 0.151846 0.999141
7 0.984126 0.584492 0.004443 0.149766
3 0.518735 0.567656 0.017217 0.240000
