1 0.089375 0.548008 0.019844 0.145547
1 0.106089 0.537656 0.016279 0.129375
1 0.146094 0.589023 0.010840 0.092891
7 0.402983 0.842109 0.009814 0.281406
7 0.556470 0.661602 0.004912 0.164922
7 0.460835 0.738125 0.004873 0.172656
7 0.898862 0.395781 0.004658 0.107188
7 0.894800 0.414453 0.002959 0.116406
1 0.394102 0.868867 0.006367 0.229453
7 0.467227 0.694453 0.004609 0.116250
3 0.231553 0.675547 0.054668 0.216094
7 0.132397 0.536406 0.002236 0.081250
7 0.547803 0.590820 0.002637 0.063984
7 0.552485 0.577461 0.002646 0.071641
1 0.293457 0.790703 0.012500 0.068750
1 0.146587 0.588711 0.013096 0.091328
1 0.521392 0.688359 0.012783 0.120469
