1 0.374121 0.475156 0.016914 0.114375
1 0.102554 0.805000 0.085811 0.387187
1 0.044678 0.724063 0.034473 0.312656
1 0.055596 0.587969 0.017012 0.215469
3 0.205947 0.519258 0.286699 0.960703
1 0.273428 0.895664 0.121016 0.208672
7 0.353945 0.476016 0.003398 0.105000
2 0.424424 0.453672 0.051543 0.336406
1 0.589512 0.644219 0.024297 0.156094
2 0.491226 0.500469 0.037061 0.235625
1 0.605352 0.644297 0.008750 0.102656
7 0.594253 0.176367 0.003291 0.053203
7 0.853706 0.116953 0.006318 0.168437
7 0.966973 0.685312 0.008418 0.326406
7 0.886362 0.846836 0.010068 0.285078
7 0.896670 0.756563 0.011133 0.486875
