1 0.505674 0.594492 0.009531 0.078047
1 0.375347 0.839687 0.042236 0.308906
1 0.119927 0.702656 0.027217 0.162031
1 0.200332 0.773867 0.042637 0.234453
7 0.270654 0.787891 0.008262 0.239063
7 0.570688 0.696797 0.014619 0.286094
1 0.007021 0.583984 0.013750 0.177656
1 0.488145 0.634570 0.010020 0.105078
1 0.057690 0.780703 0.039326 0.345313
1 0.026973 0.605039 0.013477 0.122266
1 0.505728 0.747891 0.024873 0.271875
2 0.069341 0.553672 0.021143 0.227031
1 0.469482 0.763633 0.025430 0.232422
1 0.382612 0.868594 0.099775 0.241875
