1 0.389429 0.494727 0.017666 0.116172
1 0.102500 0.805000 0.085703 0.387187
1 0.044648 0.724063 0.034414 0.312656
1 0.055596 0.587969 0.017012 0.215469
3 0.205928 0.519258 0.286660 0.960703
1 0.273447 0.895664 0.121055 0.208672
7 0.353945 0.476016 0.003398 0.105000
2 0.448354 0.469609 0.059736 0.356563
1 0.607822 0.651211 0.020684 0.149141
7 0.602612 0.160352 0.003564 0.048828
7 0.859751 0.119219 0.006318 0.165000
7 0.969321 0.674766 0.007959 0.302344
7 0.886421 0.846836 0.009951 0.285078
7 0.896558 0.756563 0.011143 0.486875
