3 0.025869 0.491758 0.009980 0.144766
3 0.061089 0.520039 0.042998 0.283516
1 0.061196 0.769141 0.033643 0.279219
1 0.023330 0.597930 0.011094 0.088359
1 0.004565 0.628164 0.009131 0.122734
1 0.997979 0.601992 0.004043 0.163047
1 0.428774 0.856836 0.052529 0.283047
1 0.975498 0.622969 0.016777 0.210000
1 0.504810 0.833867 0.039795 0.332266
1 0.505825 0.631445 0.018643 0.104766
1 0.476323 0.668203 0.013564 0.108437
8 0.588013 0.491836 0.004600 0.082422
8 0.576807 0.530234 0.006094 0.102656
8 0.633945 0.607930 0.010059 0.212578
1 0.987168 0.551328 0.008848 0.099219
1 0.526943 0.631211 0.012246 0.153984
1 0.681162 0.743516 0.145293 0.512969
1 0.484600 0.603281 0.008633 0.066875
