1 0.745024 0.787070 0.056768 0.423047
7 0.569526 0.701484 0.006240 0.248594
7 0.702124 0.765703 0.010889 0.289219
7 0.354082 0.661523 0.006738 0.203672
7 0.211831 0.768398 0.015088 0.463203
7 0.349077 0.651211 0.007158 0.217109
7 0.806597 0.777227 0.012510 0.445859
8 0.778726 0.783242 0.037959 0.433203
8 0.822373 0.767539 0.015000 0.421484
7 0.230259 0.797695 0.016865 0.399141
5 0.699580 0.922617 0.016348 0.154766
7 0.635366 0.734180 0.005400 0.269141
7 0.630972 0.731992 0.006924 0.261016
7 0.823511 0.800547 0.014678 0.380000
7 0.717534 0.788047 0.012998 0.419844
7 0.694121 0.744648 0.006836 0.283984
7 0.660859 0.681016 0.006543 0.214531
7 0.644795 0.669844 0.006250 0.162500
7 0.564854 0.701211 0.006270 0.238203
1 0.450415 0.741289 0.024600 0.241016
7 0.677402 0.787539 0.011055 0.292109
8 0.047637 0.606836 0.005801 0.191016
