1 0.765405 0.785195 0.057764 0.417422
7 0.577554 0.726250 0.007354 0.250937
7 0.719858 0.773984 0.011689 0.312813
7 0.350083 0.664883 0.006924 0.211016
7 0.192217 0.762578 0.015527 0.473437
7 0.346016 0.648555 0.007148 0.217109
7 0.823066 0.779258 0.012305 0.440703
7 0.693237 0.811641 0.011221 0.372812
8 0.822939 0.774844 0.034297 0.431719
8 0.845874 0.756797 0.014424 0.424375
7 0.209419 0.790273 0.016865 0.413984
5 0.730332 0.924297 0.013730 0.150000
7 0.652944 0.743555 0.005400 0.269141
7 0.649902 0.751797 0.008594 0.293281
7 0.847520 0.796133 0.016797 0.407734
7 0.736265 0.785391 0.012998 0.419844
7 0.710557 0.753867 0.008359 0.293047
7 0.671699 0.672422 0.006543 0.214531
7 0.573154 0.727227 0.007383 0.262266
1 0.446782 0.740469 0.023896 0.233594
7 0.791543 0.786172 0.013164 0.427656
7 0.677402 0.796992 0.011055 0.292109
8 0.046270 0.594180 0.005234 0.171484
