1 0.571753 0.504141 0.020068 0.122344
1 0.429102 0.635352 0.027598 0.136797
1 0.352822 0.628984 0.111035 0.403594
1 0.459556 0.575313 0.012236 0.088281
1 0.452744 0.581211 0.020352 0.112266
3 0.350635 0.596133 0.112988 0.367109
3 0.381138 0.599687 0.056729 0.393906
7 0.937246 0.675937 0.010586 0.375781
1 0.113413 0.805156 0.065459 0.371094
1 0.989922 0.571055 0.018594 0.161641
1 0.485718 0.832812 0.037354 0.318906
1 0.014863 0.628437 0.019375 0.149219
1 0.028540 0.805156 0.048740 0.366406
7 0.067041 0.543359 0.005469 0.152656
7 0.970186 0.610430 0.008066 0.252578
3 0.613486 0.469297 0.031797 0.188906
