1 0.156782 0.579648 0.008838 0.055391
7 0.557720 0.371484 0.002275 0.037344
1 0.274404 0.932813 0.106387 0.134375
1 0.090317 0.590859 0.013896 0.149687
1 0.104937 0.590195 0.015654 0.154141
1 0.121997 0.632383 0.019834 0.143672
1 0.141548 0.640937 0.021143 0.151875
1 0.162080 0.687070 0.024219 0.175391
1 0.185239 0.706875 0.022783 0.165781
1 0.220703 0.644727 0.007480 0.068047
1 0.203696 0.651758 0.008506 0.081016
1 0.502168 0.826133 0.033496 0.322109
1 0.444272 0.804727 0.052432 0.381328
1 0.137915 0.803242 0.061182 0.370547
7 0.545483 0.677617 0.008018 0.268672
1 0.615825 0.531445 0.018486 0.111172
7 0.547227 0.570508 0.003359 0.120547
7 0.368896 0.701484 0.005352 0.203125
1 0.172192 0.574727 0.008760 0.076484
8 0.963193 0.402344 0.005254 0.078125
3 0.993169 0.411484 0.013506 0.192188
1 0.472446 0.645391 0.007236 0.066094
