3 0.005498 0.436094 0.010996 0.230469
1 0.155522 0.575586 0.008877 0.055391
7 0.561348 0.364844 0.002441 0.038281
1 0.269102 0.937773 0.106230 0.123984
1 0.086973 0.575156 0.011680 0.140000
1 0.101001 0.591250 0.013623 0.154063
1 0.118228 0.620977 0.018564 0.143984
1 0.138032 0.627305 0.021748 0.152734
1 0.157422 0.681992 0.023945 0.166328
1 0.180444 0.698320 0.023506 0.162109
1 0.216558 0.633750 0.005889 0.054844
1 0.201675 0.648828 0.008506 0.080937
1 0.502720 0.826055 0.032139 0.319922
1 0.444282 0.809258 0.053623 0.370078
1 0.055859 0.609336 0.026562 0.212422
7 0.542036 0.692773 0.008018 0.268672
1 0.617456 0.533633 0.019189 0.111172
7 0.538086 0.584648 0.003359 0.130078
7 0.363340 0.715273 0.005586 0.211797
1 0.168169 0.570781 0.008760 0.076406
3 0.993325 0.407813 0.013350 0.203125
1 0.471636 0.651563 0.007412 0.067500
