7 0.375571 0.819297 0.009502 0.319219
1 0.554019 0.585039 0.008018 0.087266
2 0.439141 0.516016 0.078945 0.967969
7 0.264717 0.820820 0.011973 0.358359
1 0.483330 0.691523 0.010508 0.109297
1 0.032397 0.653438 0.017549 0.195781
1 0.012295 0.800469 0.024707 0.393750
1 0.186328 0.698789 0.022656 0.225703
1 0.985684 0.599609 0.018125 0.206250
3 0.803701 0.501289 0.330254 0.997422
1 0.526245 0.682852 0.021260 0.143984
3 0.516172 0.557656 0.010430 0.184688
1 0.501689 0.757656 0.025352 0.295000
2 0.502031 0.547227 0.012285 0.149922
1 0.994141 0.845586 0.011719 0.308828
1 0.017715 0.565078 0.008457 0.076094
