1 0.010010 0.550625 0.010859 0.090313
1 0.124775 0.786250 0.090293 0.397656
1 0.007856 0.567695 0.009834 0.078359
1 0.492983 0.622656 0.010186 0.091719
1 0.471919 0.704023 0.018174 0.185078
2 0.024268 0.483984 0.018398 0.324062
7 0.976123 0.576133 0.004590 0.147266
7 0.990234 0.548438 0.002734 0.101562
7 0.800088 0.725156 0.021895 0.549687
7 0.616372 0.753203 0.017646 0.481094
8 0.121680 0.662109 0.013242 0.143906
1 0.054648 0.574219 0.005566 0.051250
1 0.070039 0.596445 0.009805 0.062891
1 0.086636 0.617578 0.010967 0.080469
1 0.096631 0.633203 0.011621 0.108594
