1 0.495703 0.698633 0.017187 0.131641
1 0.145811 0.822148 0.067012 0.333672
1 0.378965 0.717969 0.020898 0.103281
1 0.445815 0.707930 0.015127 0.095391
1 0.557544 0.655586 0.022998 0.171328
1 0.318882 0.690234 0.011123 0.099375
1 0.332310 0.670977 0.012998 0.133828
1 0.312993 0.658516 0.008447 0.070000
1 0.465483 0.697773 0.020127 0.115234
1 0.912285 0.767500 0.052129 0.481719
1 0.596318 0.842070 0.045547 0.300547
2 0.372207 0.657188 0.022617 0.156094
7 0.655400 0.665195 0.006055 0.283516
7 0.664795 0.668320 0.008105 0.321016
1 0.185176 0.666484 0.016895 0.090313
7 0.934741 0.477500 0.006455 0.146094
1 0.235898 0.700859 0.015215 0.077500
