7 0.744995 0.455937 0.005869 0.189688
7 0.964648 0.619141 0.005664 0.210156
1 0.344209 0.807422 0.127930 0.385156
7 0.617959 0.765430 0.015117 0.467422
7 0.971289 0.591406 0.004102 0.168750
1 0.113501 0.832031 0.085439 0.335938
1 0.020352 0.819648 0.040664 0.359609
1 0.055537 0.786094 0.040762 0.423281
1 0.013154 0.599727 0.025195 0.080547
7 0.233511 0.696406 0.006943 0.191250
7 0.515933 0.571016 0.002646 0.058594
7 0.650259 0.456562 0.005732 0.212344
7 0.672871 0.409805 0.003652 0.127734
5 0.676157 0.450352 0.013877 0.081953
