1 0.818369 0.640469 0.023633 0.145000
1 0.460142 0.678047 0.019951 0.198125
1 0.478237 0.600469 0.006689 0.056719
1 0.481455 0.519375 0.003984 0.022656
7 0.717793 0.682148 0.014336 0.410703
1 0.788770 0.512539 0.012461 0.075391
1 0.837544 0.576719 0.014678 0.077344
1 0.802686 0.616797 0.010254 0.090625
1 0.828936 0.549219 0.015430 0.050000
1 0.822949 0.538672 0.013867 0.039062
1 0.817295 0.513125 0.010723 0.035156
1 0.809175 0.509648 0.009541 0.033516
1 0.477183 0.524219 0.004229 0.023438
1 0.022363 0.490352 0.004844 0.042578
1 0.485498 0.532422 0.004980 0.035156
