1 0.599102 0.636133 0.016641 0.104922
1 0.533423 0.632617 0.028232 0.151797
1 0.462246 0.570000 0.026113 0.145313
1 0.374585 0.507031 0.015752 0.114531
7 0.605342 0.143984 0.003398 0.037500
5 0.830576 0.159883 0.013086 0.056484
8 0.830210 0.129961 0.006807 0.125234
1 0.101895 0.805000 0.084492 0.387187
1 0.044268 0.724063 0.033652 0.312656
1 0.055596 0.587969 0.017012 0.215469
3 0.204648 0.523164 0.284102 0.952891
1 0.272373 0.895664 0.118906 0.208672
7 0.353945 0.476016 0.003398 0.105000
7 0.919756 0.268164 0.004395 0.103828
7 0.984106 0.590859 0.004795 0.162188
7 0.901177 0.752422 0.010693 0.486875
