1 0.562637 0.585703 0.018633 0.105312
7 0.306870 0.570586 0.007041 0.207734
7 0.262563 0.575937 0.007549 0.227188
7 0.114966 0.535781 0.002607 0.136719
7 0.129258 0.535937 0.004043 0.165625
7 0.081079 0.535547 0.002451 0.088594
7 0.100571 0.535273 0.002178 0.109609
7 0.098726 0.530117 0.002744 0.119922
7 0.096045 0.524375 0.002500 0.110781
7 0.111816 0.530234 0.002734 0.091094
1 0.007803 0.618437 0.012520 0.108437
1 0.019800 0.582266 0.011865 0.084844
1 0.528896 0.571641 0.018867 0.115156
1 0.385356 0.473047 0.014131 0.088750
8 0.370947 0.523203 0.005625 0.093438
5 0.370366 0.610000 0.012158 0.097344
1 0.035801 0.659219 0.019980 0.212187
1 0.035835 0.531523 0.007705 0.060703
1 0.052354 0.557266 0.013418 0.097969
1 0.027666 0.520508 0.005801 0.076172
7 0.997529 0.565195 0.003320 0.087734
