1 0.009175 0.684531 0.016846 0.323125
1 0.079248 0.575937 0.016113 0.109687
1 0.162344 0.622383 0.009238 0.087266
1 0.494185 0.559297 0.005010 0.045469
1 0.497432 0.551797 0.005859 0.038281
1 0.628145 0.527539 0.017559 0.129141
1 0.044692 0.698594 0.040244 0.414219
1 0.510010 0.565234 0.006738 0.055469
7 0.513340 0.756992 0.012188 0.365703
7 0.479883 0.784375 0.012500 0.362500
7 0.341406 0.739297 0.007500 0.204063
7 0.642607 0.548125 0.007090 0.150625
1 0.089873 0.805234 0.069805 0.385000
7 0.563818 0.516445 0.003437 0.113984
7 0.559980 0.518750 0.002910 0.122031
2 0.519736 0.519141 0.009082 0.063281
1 0.151455 0.647695 0.017207 0.114141
1 0.133418 0.596953 0.021426 0.128281
1 0.111577 0.603867 0.023936 0.060859
1 0.098140 0.583672 0.017217 0.101094
1 0.238203 0.898555 0.124570 0.202891
1 0.996680 0.715352 0.006641 0.228203
2 0.487480 0.537266 0.010195 0.125469
