1 0.358281 0.633281 0.025039 0.167500
7 0.238818 0.656797 0.004199 0.075781
7 0.553657 0.649883 0.010029 0.287109
1 0.534438 0.519453 0.015791 0.085000
1 0.344395 0.641289 0.015137 0.074766
7 0.598516 0.589727 0.005313 0.189141
7 0.613608 0.551953 0.005146 0.129375
1 0.609375 0.485000 0.011816 0.076563
1 0.600454 0.470000 0.009521 0.063281
1 0.485547 0.843281 0.039648 0.313438
1 0.427524 0.575000 0.020361 0.145000
1 0.328335 0.642422 0.018525 0.091094
1 0.450601 0.580195 0.024580 0.122422
1 0.364414 0.619609 0.020879 0.123125
1 0.369673 0.603125 0.023330 0.135625
1 0.988281 0.570977 0.023438 0.165391
8 0.433037 0.774805 0.021426 0.290234
5 0.434233 0.825742 0.020771 0.182109
