7 0.468599 0.634805 0.005244 0.115859
7 0.454741 0.641328 0.004697 0.162188
1 0.844058 0.619922 0.046689 0.272187
1 0.013564 0.797852 0.027129 0.404297
7 0.099985 0.691211 0.007705 0.297734
1 0.027642 0.645664 0.016064 0.160859
3 0.531997 0.575586 0.030381 0.398828
3 0.502700 0.524336 0.013564 0.147734
1 0.503369 0.733398 0.024062 0.272266
1 0.897637 0.822266 0.099766 0.355469
7 0.908340 0.610000 0.009297 0.148750
1 0.915303 0.565898 0.022891 0.192734
3 0.991846 0.508711 0.010918 0.207109
7 0.923418 0.593320 0.009512 0.129297
