1 0.030874 0.528125 0.018525 0.132812
2 0.645605 0.628594 0.032637 0.244375
1 0.663833 0.670898 0.029150 0.053516
1 0.995332 0.596875 0.008789 0.369219
1 0.549131 0.694023 0.035254 0.241797
5 0.532227 0.610938 0.008789 0.059375
5 0.527725 0.570117 0.011641 0.064141
5 0.408311 0.521562 0.018340 0.085313
1 0.316191 0.518984 0.030664 0.150781
7 0.295952 0.512969 0.006104 0.134844
5 0.432583 0.489141 0.014111 0.063281
1 0.007217 0.602109 0.014434 0.341094
1 0.260513 0.505430 0.021064 0.086484
1 0.202637 0.533164 0.024648 0.098672
