7 0.353672 0.578633 0.006211 0.181328
7 0.327847 0.591211 0.006963 0.203047
7 0.137573 0.548008 0.004365 0.139453
7 0.159263 0.555156 0.005791 0.193437
7 0.179243 0.524844 0.004561 0.169844
7 0.118047 0.560547 0.002734 0.135469
7 0.115913 0.552109 0.002744 0.137656
7 0.112461 0.552266 0.003184 0.131875
7 0.132026 0.544922 0.003506 0.131094
1 0.007651 0.622969 0.009561 0.094844
1 0.015459 0.581094 0.009199 0.072344
1 0.525630 0.566406 0.015400 0.088281
8 0.393096 0.537305 0.005039 0.073672
5 0.391782 0.608437 0.012314 0.080313
1 0.025576 0.662344 0.015332 0.140313
1 0.043311 0.563828 0.010723 0.086406
1 0.079800 0.610039 0.021553 0.133516
1 0.031445 0.540625 0.006055 0.078125
7 0.991670 0.579766 0.003848 0.101406
