1 0.081729 0.630703 0.015391 0.114531
2 0.478394 0.604766 0.015400 0.178125
1 0.432500 0.749531 0.024648 0.192969
1 0.330146 0.848477 0.076113 0.303047
8 0.211138 0.284062 0.005342 0.092656
5 0.211177 0.339766 0.009814 0.042812
1 0.501982 0.611797 0.010762 0.114219
1 0.069116 0.657852 0.024482 0.197734
1 0.014707 0.785859 0.028848 0.417656
1 0.503657 0.802812 0.036631 0.304063
7 0.755649 0.635469 0.010713 0.572344
7 0.784102 0.696758 0.021055 0.606484
1 0.033657 0.599844 0.011143 0.101719
7 0.099990 0.616836 0.006230 0.176172
