1 0.504346 0.619219 0.009805 0.084844
1 0.254663 0.642930 0.014600 0.113359
7 0.408135 0.695859 0.006172 0.140938
1 0.367822 0.860859 0.088281 0.237031
1 0.079556 0.621445 0.023584 0.159609
7 0.138926 0.668203 0.006270 0.208281
7 0.425283 0.670781 0.005625 0.133750
7 0.944014 0.742422 0.015098 0.467656
5 0.946299 0.817969 0.030215 0.245313
1 0.742627 0.480156 0.016934 0.097188
1 0.005449 0.571445 0.009961 0.121953
1 0.488657 0.633867 0.010986 0.105547
1 0.047749 0.740195 0.028682 0.279297
1 0.021719 0.581172 0.010527 0.089063
1 0.505659 0.724492 0.019346 0.220078
1 0.468271 0.774102 0.025430 0.232422
