1 0.078237 0.582578 0.011943 0.073906
8 0.163940 0.703789 0.006982 0.226797
5 0.164023 0.767852 0.007461 0.145703
7 0.435078 0.670977 0.004238 0.144297
7 0.471313 0.615508 0.003467 0.093984
7 0.462451 0.633867 0.003672 0.098828
7 0.461499 0.645469 0.003877 0.115000
7 0.546265 0.621211 0.004385 0.144453
7 0.541553 0.628242 0.004062 0.146641
7 0.535459 0.614727 0.003887 0.124141
1 0.930029 0.834023 0.067344 0.331953
5 0.872920 0.641094 0.012637 0.148594
1 0.019116 0.807734 0.038232 0.384531
1 0.004458 0.575977 0.008740 0.105703
7 0.104854 0.676133 0.005430 0.218516
1 0.020464 0.596094 0.013896 0.118437
1 0.509121 0.846172 0.043145 0.307656
1 0.520986 0.625742 0.010117 0.082578
1 0.505386 0.665391 0.016514 0.126719
5 0.920327 0.599023 0.011260 0.115078
5 0.914326 0.604062 0.010547 0.110781
5 0.899985 0.610859 0.012568 0.134375
