1 0.679756 0.527773 0.016855 0.117109
1 0.980537 0.660742 0.014883 0.157422
1 0.515254 0.587734 0.009434 0.071094
7 0.467642 0.603477 0.006416 0.124141
7 0.494756 0.605508 0.004980 0.127422
7 0.586533 0.699531 0.008867 0.304219
7 0.490762 0.602031 0.004980 0.123594
7 0.712187 0.487812 0.004922 0.107187
8 0.494370 0.597031 0.005518 0.105938
1 0.845229 0.393359 0.006709 0.067656
1 0.046602 0.765195 0.042832 0.354297
1 0.503428 0.836250 0.038418 0.312656
1 0.011343 0.813125 0.022705 0.380469
1 0.987993 0.804648 0.024521 0.387578
1 0.007915 0.607148 0.015166 0.185234
1 0.628457 0.593711 0.024883 0.157578
1 0.650469 0.557344 0.017852 0.103281
7 0.507065 0.592109 0.004951 0.099062
7 0.951123 0.613516 0.007207 0.235469
7 0.136636 0.748945 0.011201 0.395547
7 0.777109 0.476250 0.005566 0.113437
1 0.605425 0.548555 0.037568 0.260703
