1 0.470376 0.785547 0.022588 0.226875
1 0.279985 0.665234 0.011729 0.167656
1 0.731792 0.543086 0.012939 0.120859
7 0.434009 0.725898 0.006182 0.220078
1 0.683760 0.567930 0.016230 0.186641
1 0.695410 0.564180 0.007480 0.105078
1 0.700054 0.509570 0.008057 0.088359
2 0.486719 0.572266 0.012695 0.239844
7 0.423604 0.709766 0.004824 0.182031
1 0.018887 0.553867 0.008906 0.080547
1 0.267651 0.632734 0.012451 0.139062
1 0.014272 0.801484 0.028057 0.391094
1 0.297134 0.733008 0.026963 0.220703
1 0.987095 0.597500 0.016416 0.196719
3 0.900879 0.500742 0.158594 0.998516
1 0.538208 0.745000 0.031631 0.246719
3 0.520547 0.573438 0.013789 0.232812
1 0.499229 0.763711 0.025410 0.293359
2 0.502212 0.550508 0.012764 0.156172
1 0.993525 0.845586 0.012949 0.308828
1 0.635713 0.606875 0.008066 0.186250
1 0.080762 0.808008 0.069336 0.383984
