1 0.415537 0.815430 0.040898 0.369141
1 0.474370 0.672070 0.011533 0.103516
1 0.365000 0.867266 0.047070 0.295937
1 0.487896 0.666562 0.015400 0.162344
1 0.009150 0.760898 0.018027 0.346953
1 0.508887 0.653125 0.013086 0.187500
1 0.194238 0.881797 0.086328 0.235469
1 0.036929 0.709961 0.023447 0.225078
1 0.006045 0.581992 0.011270 0.089922
1 0.019048 0.564102 0.009971 0.090703
2 0.085010 0.599844 0.047949 0.595625
7 0.770259 0.732148 0.015850 0.533828
7 0.912490 0.702891 0.012813 0.467031
7 0.696821 0.704766 0.016611 0.586406
7 0.593721 0.794531 0.021348 0.410937
1 0.185010 0.668359 0.031152 0.196094
3 0.040381 0.528516 0.015410 0.138906
7 0.280625 0.841172 0.006426 0.295781
1 0.456309 0.815469 0.041914 0.361250
