1 0.994482 0.621406 0.011523 0.156094
1 0.104629 0.833203 0.079414 0.333594
7 0.553169 0.597852 0.004893 0.124609
7 0.439321 0.690977 0.004756 0.193984
7 0.522754 0.581758 0.003711 0.092734
7 0.962603 0.524844 0.003135 0.121875
7 0.021055 0.539609 0.003203 0.110469
7 0.446709 0.691016 0.007285 0.133594
7 0.449941 0.681016 0.008652 0.125938
7 0.450957 0.641953 0.003965 0.084844
7 0.455210 0.658672 0.004893 0.130781
7 0.021899 0.542773 0.003467 0.107422
7 0.690635 0.365820 0.002637 0.116484
7 0.486289 0.720625 0.009141 0.310937
