1 0.069902 0.553320 0.017930 0.111016
1 0.079102 0.545937 0.019141 0.108125
7 0.219819 0.643281 0.005596 0.173125
7 0.255161 0.623555 0.006299 0.159922
7 0.261006 0.611367 0.005078 0.149141
7 0.328364 0.742695 0.004795 0.089766
7 0.337422 0.725625 0.004336 0.089375
7 0.902886 0.521094 0.008232 0.262500
7 0.895493 0.550625 0.007510 0.260313
7 0.888794 0.519414 0.006924 0.228359
7 0.982583 0.628437 0.010967 0.445000
6 0.863906 0.669844 0.007734 0.278438
6 0.978813 0.707539 0.005381 0.298203
6 0.973745 0.716992 0.005635 0.310234
6 0.970000 0.711875 0.006504 0.305937
6 0.954775 0.666758 0.010488 0.281016
