1 0.534170 0.598125 0.009941 0.102500
1 0.522349 0.640742 0.014229 0.133359
1 0.690029 0.520039 0.017734 0.116641
1 0.537676 0.788086 0.032656 0.314609
1 0.502568 0.635938 0.017187 0.135469
7 0.229814 0.779141 0.012695 0.379844
1 0.019990 0.580781 0.015957 0.124375
7 0.750796 0.457852 0.004248 0.082578
7 0.476304 0.646602 0.005674 0.126328
5 0.793433 0.823281 0.011768 0.353437
5 0.778662 0.824883 0.014160 0.350234
5 0.764673 0.824062 0.011768 0.351875
5 0.755859 0.826484 0.008789 0.347031
5 0.745728 0.832188 0.010732 0.335625
5 0.732476 0.826484 0.011768 0.347031
5 0.717881 0.826406 0.015449 0.347031
5 0.704927 0.828086 0.017080 0.343828
5 0.691152 0.828867 0.015898 0.342266
5 0.678403 0.823242 0.017080 0.343828
5 0.664336 0.829688 0.015664 0.340625
7 0.862373 0.432734 0.004258 0.113437
8 0.449404 0.699258 0.006719 0.157891
7 0.853179 0.400937 0.003779 0.087344
5 0.450332 0.736250 0.007383 0.085313
6 0.821558 0.801523 0.018076 0.396953
8 0.425513 0.725898 0.008701 0.288672
