7 0.080298 0.611797 0.004463 0.074063
1 0.504893 0.663750 0.015410 0.143906
1 0.006304 0.591680 0.012607 0.238047
2 0.024941 0.470938 0.014727 0.161250
1 0.022119 0.592773 0.010449 0.089453
1 0.045410 0.607813 0.019336 0.220313
1 0.032666 0.591133 0.008984 0.069922
1 0.218252 0.687852 0.014277 0.142891
1 0.080093 0.773164 0.032588 0.272422
1 0.339795 0.897656 0.059668 0.204688
1 0.248633 0.757617 0.017187 0.244922
7 0.422896 0.711602 0.005186 0.184766
1 0.672124 0.466445 0.022236 0.132266
1 0.692959 0.441875 0.017402 0.083906
