5 0.734272 0.702344 0.030479 0.281250
5 0.704443 0.704180 0.026270 0.251484
5 0.678477 0.666016 0.022188 0.261719
5 0.647305 0.633047 0.017285 0.185000
6 0.860337 0.685781 0.011260 0.373906
6 0.853872 0.768945 0.016279 0.452734
6 0.776523 0.794453 0.019434 0.395469
6 0.740469 0.761016 0.019258 0.440781
6 0.700293 0.794102 0.020312 0.408984
1 0.933740 0.443750 0.012207 0.085938
5 0.657705 0.655586 0.025020 0.261172
6 0.841846 0.645938 0.010254 0.370625
6 0.866670 0.719414 0.007363 0.453516
6 0.869023 0.741367 0.007109 0.447578
6 0.837466 0.791992 0.016533 0.416016
