1 0.561978 0.591797 0.016553 0.106719
7 0.286870 0.564063 0.007275 0.211719
7 0.238799 0.562734 0.007637 0.229688
7 0.108735 0.528242 0.002607 0.136641
7 0.121353 0.529258 0.004053 0.156797
7 0.077554 0.528203 0.002451 0.088594
7 0.093784 0.524219 0.001494 0.106250
7 0.094414 0.523867 0.002598 0.109609
7 0.091421 0.518125 0.001924 0.103281
1 0.007705 0.624727 0.012793 0.111953
1 0.022012 0.592969 0.012578 0.094844
1 0.526738 0.572187 0.019004 0.119375
1 0.386094 0.470508 0.015254 0.096328
8 0.362603 0.517539 0.005850 0.105078
5 0.363066 0.610547 0.012090 0.105625
1 0.039443 0.674570 0.023027 0.241797
1 0.034985 0.527031 0.007705 0.060781
1 0.045742 0.544219 0.010469 0.082969
7 0.998779 0.563281 0.002441 0.085938
