1 0.417866 0.760703 0.041416 0.358906
1 0.062036 0.641563 0.017744 0.160938
1 0.387686 0.808828 0.037949 0.269688
1 0.007168 0.646016 0.014219 0.230469
1 0.036943 0.607227 0.013789 0.133203
1 0.489775 0.612344 0.011074 0.123125
1 0.469341 0.748945 0.030459 0.312578
1 0.089141 0.665078 0.022812 0.171562
1 0.311460 0.845664 0.042998 0.253047
7 0.548540 0.666445 0.007061 0.223984
7 0.544570 0.662656 0.008437 0.231719
7 0.955034 0.550547 0.007451 0.222500
3 0.049199 0.532969 0.018926 0.181094
1 0.142563 0.773516 0.057451 0.362969
1 0.163994 0.702344 0.014512 0.122969
1 0.179771 0.703945 0.011963 0.106641
1 0.193594 0.692148 0.011973 0.097109
7 0.393379 0.656562 0.006875 0.086875
1 0.019829 0.606289 0.011357 0.105859
1 0.495586 0.587422 0.006582 0.075156
