1 0.400347 0.620078 0.027705 0.181719
7 0.237627 0.655625 0.004199 0.075781
7 0.549390 0.671328 0.010908 0.303594
1 0.516152 0.545000 0.015801 0.085000
1 0.344395 0.641680 0.015137 0.075547
7 0.599268 0.603750 0.005313 0.214375
7 0.614736 0.553047 0.005273 0.135156
1 0.618872 0.466719 0.006885 0.054063
1 0.485547 0.848789 0.039648 0.302422
1 0.425278 0.578750 0.020479 0.145000
1 0.320620 0.643203 0.017744 0.085625
1 0.425161 0.604414 0.022236 0.122422
1 0.348818 0.626562 0.020879 0.123125
1 0.369736 0.603320 0.023457 0.136016
1 0.988804 0.566914 0.022393 0.164609
8 0.458062 0.748164 0.020186 0.294297
5 0.458521 0.802578 0.020498 0.180312
