1 0.581782 0.494844 0.014951 0.100937
1 0.458081 0.624102 0.026240 0.139609
1 0.364878 0.620391 0.125361 0.445156
1 0.434722 0.568125 0.015850 0.115625
3 0.367744 0.587266 0.131191 0.403594
3 0.402612 0.587500 0.057354 0.428906
7 0.934863 0.696875 0.010430 0.395313
1 0.085254 0.758437 0.044141 0.371094
1 0.990146 0.571719 0.018555 0.161250
1 0.486143 0.820937 0.037910 0.340625
1 0.015151 0.632031 0.019775 0.158594
1 0.028184 0.823281 0.049785 0.349375
7 0.066309 0.538906 0.005469 0.152656
7 0.970762 0.610430 0.007598 0.252578
3 0.614067 0.469297 0.030635 0.188906
