1 0.529946 0.636406 0.010908 0.101562
1 0.482124 0.599297 0.014502 0.093125
7 0.454434 0.662422 0.005469 0.160781
7 0.597119 0.774219 0.010840 0.451562
1 0.654512 0.561250 0.010312 0.082500
1 0.698853 0.528281 0.010244 0.085313
7 0.641929 0.571406 0.003486 0.091875
8 0.540317 0.620469 0.004131 0.105938
1 0.585054 0.599609 0.018564 0.104531
7 0.571040 0.605273 0.004248 0.120234
1 0.559575 0.601836 0.016396 0.077109
1 0.591602 0.591992 0.007617 0.076641
7 0.055176 0.716484 0.004492 0.192344
1 0.619067 0.572773 0.014561 0.095703
