1 0.413403 0.615117 0.028447 0.184922
7 0.237295 0.655312 0.004199 0.075781
3 0.274844 0.603672 0.041016 0.149531
7 0.547407 0.676562 0.011123 0.306250
1 0.510928 0.552266 0.015801 0.085000
1 0.344395 0.641797 0.015137 0.075781
7 0.598984 0.604297 0.005313 0.214375
7 0.614414 0.554570 0.005312 0.136797
1 0.615137 0.474062 0.008496 0.045312
1 0.485547 0.850391 0.039648 0.299219
1 0.424639 0.579844 0.020508 0.145000
1 0.318535 0.643711 0.017227 0.081953
1 0.418765 0.608008 0.022236 0.122422
1 0.344365 0.628594 0.020879 0.123125
1 0.369751 0.603398 0.023486 0.136172
1 0.988921 0.565977 0.022158 0.166484
8 0.464922 0.738008 0.019727 0.291797
5 0.465410 0.792852 0.019941 0.176797
