7 0.355103 0.587109 0.004834 0.174219
7 0.653262 0.515234 0.004785 0.107812
1 0.965332 0.610078 0.017695 0.107812
7 0.999062 0.591875 0.001875 0.101250
7 0.017622 0.557930 0.001904 0.047578
7 0.940298 0.680664 0.005713 0.213359
8 0.553076 0.469023 0.007520 0.177578
7 0.534526 0.504922 0.002998 0.164844
7 0.539702 0.489883 0.004404 0.176641
5 0.878887 0.911953 0.023281 0.166719
7 0.877773 0.740625 0.019648 0.274375
1 0.490244 0.433359 0.006074 0.058125
1 0.373906 0.618398 0.020605 0.114922
1 0.399395 0.623125 0.019629 0.110156
1 0.421025 0.579375 0.012695 0.052344
