1 0.678569 0.539141 0.016650 0.119844
1 0.978735 0.652734 0.014326 0.140625
1 0.513301 0.594609 0.010312 0.080625
7 0.462168 0.616250 0.007461 0.146094
7 0.589438 0.720313 0.009033 0.332031
7 0.488179 0.607148 0.005322 0.123359
7 0.713022 0.490352 0.004600 0.099297
7 0.490898 0.612695 0.006602 0.140078
7 0.257241 0.717383 0.008330 0.269141
8 0.492759 0.604102 0.005713 0.109609
1 0.844468 0.397266 0.006709 0.067656
7 0.473740 0.625703 0.005234 0.133594
1 0.038735 0.714609 0.031709 0.308437
1 0.503237 0.836602 0.036416 0.320547
1 0.011870 0.807617 0.023369 0.384922
1 0.987983 0.806055 0.024229 0.383047
1 0.004790 0.582109 0.010049 0.103594
1 0.628628 0.605820 0.025459 0.163672
1 0.650649 0.567422 0.017842 0.101406
7 0.505967 0.593398 0.004824 0.094922
7 0.950879 0.609531 0.006934 0.233906
7 0.124214 0.716680 0.010674 0.374922
7 0.775430 0.480312 0.005566 0.113437
1 0.605659 0.554258 0.037959 0.262578
