1 0.172397 0.883047 0.064775 0.231875
1 0.487583 0.612695 0.010303 0.121641
7 0.593037 0.726328 0.009395 0.335313
7 0.297290 0.731992 0.005381 0.188828
7 0.302666 0.731875 0.005371 0.182031
7 0.280171 0.733945 0.006025 0.183672
1 0.196455 0.756875 0.010820 0.113281
1 0.345386 0.892969 0.100439 0.214063
1 0.017168 0.564336 0.008945 0.077109
2 0.454351 0.472656 0.052197 0.792500
7 0.057852 0.586328 0.005156 0.117031
7 0.076118 0.588086 0.004463 0.096797
7 0.970405 0.620313 0.008213 0.273438
7 0.124370 0.663828 0.004326 0.173437
3 0.516909 0.572461 0.014365 0.195859
