7 0.737412 0.376328 0.002734 0.085469
7 0.738706 0.345703 0.001611 0.055469
7 0.737588 0.347695 0.001719 0.055547
3 0.532520 0.565117 0.036914 0.136953
1 0.006826 0.662344 0.013359 0.247344
1 0.054111 0.687656 0.036426 0.316875
1 0.103223 0.807813 0.071289 0.379688
3 0.035605 0.531016 0.037930 0.447031
7 0.261060 0.810977 0.015439 0.378047
7 0.274316 0.916836 0.010059 0.166328
7 0.562422 0.655820 0.005117 0.193516
7 0.739126 0.510781 0.003760 0.114375
7 0.737017 0.574453 0.004971 0.194219
7 0.736250 0.466172 0.003691 0.098906
1 0.996226 0.665430 0.007549 0.252109
7 0.962686 0.624219 0.007109 0.189844
3 0.503809 0.558359 0.017090 0.247969
1 0.503032 0.759023 0.020127 0.252266
