1 0.492827 0.610898 0.007861 0.080391
1 0.486079 0.667031 0.012061 0.116250
1 0.043535 0.531094 0.012070 0.143437
1 0.233735 0.814063 0.094248 0.371875
1 0.443696 0.708555 0.024561 0.184609
1 0.507065 0.601680 0.011455 0.092891
1 0.181934 0.681445 0.014375 0.103359
1 0.270029 0.720977 0.015313 0.148984
1 0.159951 0.665391 0.022480 0.141719
1 0.473232 0.653945 0.011719 0.102578
1 0.071411 0.652813 0.020869 0.153906
1 0.509927 0.591719 0.009072 0.085313
1 0.076514 0.654336 0.026074 0.214922
1 0.422969 0.749531 0.027930 0.202813
1 0.027437 0.630664 0.021943 0.194922
1 0.504570 0.717266 0.019199 0.225781
1 0.355732 0.797734 0.123965 0.403125
3 0.004282 0.508086 0.008486 0.192578
2 0.015972 0.478203 0.010166 0.146563
