1 0.033442 0.589570 0.010635 0.099453
2 0.442461 0.617344 0.039297 0.426875
7 0.095176 0.691563 0.005195 0.220781
1 0.052715 0.664687 0.019883 0.165312
1 0.495908 0.583828 0.005273 0.057188
1 0.006216 0.644062 0.012100 0.212813
1 0.474136 0.683555 0.021396 0.228828
1 0.267510 0.905000 0.124395 0.209844
7 0.960176 0.573750 0.005430 0.222500
7 0.964854 0.578320 0.004863 0.250391
7 0.984790 0.498477 0.003174 0.078828
7 0.077793 0.653477 0.004570 0.166328
1 0.014307 0.575977 0.007520 0.083984
1 0.486826 0.612656 0.009219 0.110313
