1 0.011353 0.736563 0.020830 0.411250
1 0.079248 0.575937 0.016113 0.109687
1 0.162261 0.622188 0.009072 0.086875
1 0.990459 0.456094 0.008047 0.053125
1 0.492246 0.565547 0.005430 0.045469
1 0.495811 0.556484 0.005859 0.038281
1 0.628389 0.529766 0.018184 0.127188
1 0.044258 0.700469 0.038887 0.412031
1 0.509961 0.562109 0.006250 0.053906
7 0.528306 0.750547 0.011748 0.381719
7 0.496182 0.762773 0.013691 0.396328
7 0.335532 0.732812 0.007490 0.204063
7 0.652915 0.531953 0.007061 0.137656
1 0.090171 0.805547 0.071611 0.382969
7 0.564351 0.536250 0.003428 0.115000
7 0.560371 0.536719 0.003008 0.127344
1 0.151455 0.647695 0.017207 0.114141
1 0.133418 0.596953 0.021426 0.128281
1 0.111577 0.603867 0.023936 0.060859
1 0.098140 0.583672 0.017217 0.101094
1 0.238203 0.898555 0.124570 0.202891
1 0.996406 0.733242 0.007188 0.391172
2 0.484600 0.539805 0.011113 0.133516
