1 0.038931 0.721602 0.021885 0.207109
1 0.037480 0.567148 0.008203 0.065547
1 0.456787 0.611797 0.009727 0.060937
1 0.502300 0.637344 0.012705 0.118594
1 0.473838 0.697773 0.019238 0.201328
1 0.873398 0.488633 0.019570 0.106328
1 0.090908 0.797656 0.068145 0.395313
1 0.456123 0.823516 0.034355 0.329688
1 0.342954 0.780117 0.139033 0.421172
1 0.857437 0.451250 0.017295 0.101250
2 0.842671 0.418125 0.021240 0.129375
1 0.498887 0.865625 0.041855 0.268750
2 0.021743 0.498086 0.016592 0.288203
1 0.006270 0.572969 0.012012 0.129687
