1 0.650752 0.509375 0.010352 0.066875
1 0.484146 0.795117 0.051572 0.409766
2 0.408721 0.425195 0.039277 0.230234
1 0.540552 0.541133 0.022021 0.114141
1 0.353213 0.563789 0.022285 0.131172
1 0.302358 0.547617 0.014600 0.080391
1 0.322417 0.551445 0.019541 0.099766
3 0.273564 0.512070 0.029590 0.135391
1 0.276309 0.539570 0.013125 0.081328
7 0.645220 0.568477 0.005830 0.111953
7 0.657227 0.553008 0.006094 0.102422
8 0.631318 0.519687 0.005469 0.053125
7 0.995947 0.577891 0.005371 0.179688
7 0.565937 0.518437 0.003906 0.071875
7 0.458193 0.528594 0.005078 0.120312
7 0.465264 0.527969 0.005664 0.117188
7 0.471572 0.524375 0.004102 0.114844
7 0.474619 0.522656 0.003027 0.112500
7 0.487070 0.526719 0.005859 0.116406
7 0.448604 0.523828 0.005664 0.114062
