7 0.734775 0.376328 0.002734 0.085469
7 0.737485 0.346289 0.001611 0.055547
7 0.736025 0.342891 0.001660 0.054063
3 0.531030 0.565117 0.035303 0.136953
1 0.006533 0.681250 0.012324 0.206250
1 0.062939 0.701953 0.026855 0.336719
1 0.113330 0.816406 0.076465 0.367188
3 0.036660 0.536719 0.040352 0.451562
7 0.277158 0.817695 0.017129 0.364609
7 0.291309 0.921211 0.010566 0.157578
7 0.561074 0.651133 0.004785 0.187891
7 0.733057 0.528750 0.003750 0.155000
7 0.730562 0.576836 0.004971 0.194141
7 0.732529 0.491992 0.003691 0.138047
1 0.996069 0.669102 0.007861 0.259453
7 0.960547 0.626875 0.007227 0.196250
3 0.503838 0.557891 0.017090 0.247969
1 0.503198 0.757695 0.019795 0.249609
