1 0.598931 0.642695 0.018564 0.116172
1 0.440664 0.562383 0.023105 0.145391
1 0.398623 0.502344 0.017695 0.118281
7 0.885337 0.844180 0.006221 0.268828
1 0.532729 0.633672 0.026045 0.139687
1 0.567925 0.608086 0.019736 0.126797
3 0.353564 0.406992 0.047754 0.212578
8 0.835146 0.125781 0.007246 0.132812
6 0.834551 0.164805 0.008750 0.062734
7 0.591753 0.190273 0.004795 0.056172
1 0.034150 0.665430 0.025918 0.230859
1 0.017070 0.570937 0.008242 0.065937
1 0.276514 0.884766 0.121191 0.230469
1 0.102744 0.802266 0.085625 0.384531
7 0.483423 0.801328 0.016260 0.412187
7 0.893994 0.759492 0.013184 0.474453
3 0.098975 0.524219 0.120996 0.810937
