1 0.760806 0.461562 0.043330 0.223594
1 0.821543 0.433633 0.020703 0.104922
1 0.798301 0.397734 0.016074 0.083594
1 0.710059 0.451992 0.007031 0.146172
7 0.526450 0.601328 0.004014 0.142969
7 0.481099 0.584766 0.003057 0.062813
7 0.473457 0.594805 0.002500 0.066641
7 0.462656 0.598086 0.002422 0.065547
1 0.864097 0.499492 0.027197 0.215859
1 0.125361 0.843555 0.078359 0.311328
1 0.008726 0.650391 0.015361 0.190000
7 0.976782 0.564727 0.001982 0.091484
7 0.980083 0.558437 0.002412 0.101719
1 0.886611 0.512070 0.039766 0.273672
1 0.032637 0.643320 0.020391 0.182266
7 0.281279 0.704258 0.005781 0.158047
1 0.488130 0.578867 0.007627 0.092109
