1 0.572349 0.547109 0.017021 0.137188
3 0.942925 0.490977 0.062998 0.360078
1 0.009951 0.752617 0.019805 0.229141
1 0.929438 0.576172 0.027627 0.189844
1 0.555327 0.648750 0.023916 0.222188
1 0.281504 0.679141 0.056523 0.278594
1 0.183125 0.852070 0.109922 0.295859
1 0.983481 0.691992 0.029639 0.251172
3 0.490195 0.561445 0.113750 0.514609
1 0.128872 0.610508 0.043486 0.261797
1 0.423511 0.670156 0.025654 0.270625
7 0.197764 0.532344 0.004922 0.126562
7 0.194014 0.534687 0.004219 0.123750
7 0.187861 0.529062 0.005273 0.118125
8 0.364941 0.601914 0.019922 0.229453
1 0.907944 0.543047 0.012607 0.118750
7 0.877939 0.492969 0.007852 0.241875
7 0.618555 0.707031 0.009512 0.312812
