7 0.077871 0.605273 0.004453 0.069141
1 0.504390 0.663594 0.015088 0.140469
1 0.006274 0.593164 0.012549 0.239297
2 0.024336 0.473359 0.013516 0.156406
1 0.020776 0.586406 0.010107 0.083438
1 0.043433 0.601484 0.018213 0.204844
1 0.031011 0.592422 0.008877 0.077344
1 0.212407 0.679336 0.014736 0.147734
1 0.070703 0.741953 0.028711 0.244219
1 0.303662 0.906250 0.059668 0.187500
1 0.239995 0.751953 0.018447 0.243281
7 0.419375 0.715938 0.005352 0.190937
1 0.675830 0.464180 0.022363 0.134141
1 0.696338 0.445117 0.017402 0.082891
