3 0.427056 0.541367 0.053506 0.198359
1 0.318477 0.702969 0.023477 0.168438
1 0.991499 0.582109 0.016318 0.164062
1 0.486172 0.838516 0.039297 0.305312
1 0.026050 0.585625 0.012744 0.124844
1 0.027959 0.822461 0.050195 0.348516
1 0.297178 0.648945 0.014590 0.086953
2 0.324932 0.594805 0.016094 0.148516
8 0.571660 0.780000 0.016523 0.397188
7 0.076821 0.599336 0.006396 0.155391
7 0.917290 0.779141 0.015342 0.440000
7 0.972510 0.599570 0.004687 0.184766
7 0.979688 0.566250 0.004902 0.142813
3 0.514346 0.506641 0.073184 0.291563
3 0.612627 0.469297 0.033516 0.188906
2 0.385166 0.627930 0.031777 0.188984
2 0.576880 0.428906 0.013525 0.207344
3 0.245239 0.616094 0.033525 0.153906
3 0.643027 0.406562 0.024492 0.165625
