1 0.037593 0.608984 0.013291 0.107187
1 0.014365 0.542695 0.008555 0.070078
3 0.212271 0.681992 0.108799 0.697109
1 0.996230 0.753789 0.007539 0.321016
3 0.439658 0.631523 0.020879 0.278672
1 0.907056 0.485156 0.015596 0.091406
1 0.460322 0.829453 0.029766 0.207344
1 0.011523 0.781289 0.022285 0.376484
1 0.085386 0.846289 0.053955 0.302734
1 0.060557 0.677852 0.021426 0.198516
1 0.115405 0.795859 0.054619 0.344844
7 0.798066 0.724727 0.015723 0.543047
2 0.347886 0.568320 0.159229 0.856172
1 0.504434 0.774023 0.034648 0.451953
1 0.481045 0.743750 0.013984 0.120313
