1 0.102593 0.805000 0.085889 0.387187
1 0.044707 0.724063 0.034531 0.312656
1 0.055596 0.587969 0.017012 0.215469
7 0.009448 0.525000 0.002705 0.055469
3 0.205962 0.519258 0.286729 0.960703
1 0.273413 0.895664 0.120986 0.208672
7 0.353945 0.476016 0.003398 0.105000
2 0.410327 0.439414 0.046514 0.310391
1 0.572065 0.639570 0.025850 0.168984
2 0.522046 0.522148 0.037061 0.235547
1 0.600986 0.644297 0.016914 0.102656
7 0.588477 0.192578 0.002754 0.054844
7 0.848677 0.115078 0.006318 0.171250
7 0.963682 0.703516 0.009063 0.353750
7 0.886318 0.846836 0.010156 0.285078
7 0.896768 0.756563 0.011133 0.486875
