1 0.009883 0.536719 0.012617 0.126719
1 0.230825 0.774023 0.121455 0.444766
1 0.006318 0.563672 0.010469 0.107187
1 0.489966 0.620000 0.010049 0.088125
1 0.475674 0.676758 0.016445 0.167891
2 0.027939 0.502734 0.025547 0.472344
1 0.720566 0.444531 0.005352 0.115000
7 0.943760 0.679805 0.012168 0.337734
7 0.983594 0.550391 0.004883 0.130469
7 0.566060 0.718047 0.011162 0.282656
7 0.544194 0.666406 0.005557 0.193594
8 0.400303 0.787930 0.012285 0.269453
1 0.059580 0.568047 0.010137 0.075625
1 0.068203 0.582891 0.009043 0.074688
1 0.092627 0.585703 0.017285 0.154688
1 0.093428 0.612500 0.014043 0.120469
1 0.118325 0.641289 0.017432 0.135703
1 0.136953 0.664336 0.020664 0.141172
