1 0.040112 0.613281 0.014170 0.110313
1 0.017026 0.536328 0.008604 0.071719
3 0.182930 0.682617 0.120898 0.664609
1 0.995239 0.773047 0.009521 0.351094
3 0.434761 0.645273 0.023408 0.304766
1 0.907056 0.485156 0.015596 0.091406
1 0.459863 0.836367 0.031953 0.221172
1 0.012988 0.801641 0.024980 0.405000
1 0.112124 0.889570 0.063643 0.220859
1 0.059912 0.668594 0.023125 0.218594
1 0.112559 0.808984 0.065840 0.368594
7 0.787832 0.721133 0.015723 0.543047
2 0.342446 0.559922 0.162529 0.877344
1 0.504609 0.776680 0.035977 0.446641
1 0.479883 0.757852 0.014551 0.126797
