1 0.010439 0.539922 0.012012 0.118906
1 0.219585 0.779570 0.121045 0.445234
1 0.006494 0.569414 0.010215 0.102109
1 0.490322 0.615820 0.009707 0.087109
1 0.475625 0.671484 0.016484 0.167031
2 0.027759 0.499648 0.025713 0.459453
7 0.948506 0.690273 0.008340 0.337734
7 0.984668 0.568750 0.004883 0.121875
7 0.569985 0.721758 0.012178 0.307578
7 0.546279 0.669531 0.005879 0.203906
8 0.384272 0.800547 0.014521 0.295781
1 0.058979 0.569063 0.009385 0.071719
1 0.067104 0.582930 0.008721 0.072578
1 0.092627 0.585703 0.017285 0.154688
1 0.091055 0.609336 0.013633 0.116484
1 0.114297 0.637188 0.016426 0.128281
1 0.131973 0.660469 0.020156 0.137344
