3 0.007886 0.447031 0.015771 0.252344
1 0.145034 0.561953 0.008877 0.042969
1 0.173555 0.629141 0.009902 0.079687
7 0.565337 0.356914 0.002646 0.039922
1 0.184780 0.904062 0.106084 0.185469
1 0.078027 0.563711 0.009453 0.130391
1 0.088882 0.575703 0.011592 0.154062
1 0.103247 0.603125 0.015830 0.128750
1 0.120552 0.603594 0.018311 0.126563
1 0.138437 0.654375 0.023652 0.159062
1 0.157754 0.691563 0.022949 0.144687
1 0.187695 0.632500 0.005273 0.063125
1 0.504009 0.814102 0.029287 0.293984
1 0.429722 0.822266 0.054814 0.341875
1 0.022051 0.517109 0.010312 0.127969
7 0.552974 0.746289 0.008018 0.276328
1 0.623091 0.537539 0.021436 0.111172
7 0.529336 0.597344 0.003359 0.138125
7 0.343335 0.735742 0.005830 0.220547
1 0.158052 0.562344 0.008760 0.076406
3 0.993325 0.407813 0.013350 0.203125
1 0.463398 0.673906 0.011504 0.086562
