1 0.599971 0.648945 0.020117 0.111328
7 0.885107 0.844180 0.006680 0.268828
1 0.441606 0.550820 0.026045 0.129922
3 0.338008 0.395039 0.025156 0.177891
1 0.381987 0.478281 0.014385 0.095312
8 0.890776 0.226875 0.002666 0.041719
7 0.586274 0.208945 0.004795 0.056172
1 0.021709 0.612617 0.012949 0.101797
1 0.277275 0.884766 0.119668 0.230469
1 0.101938 0.803164 0.085322 0.391797
7 0.434067 0.751563 0.012432 0.420469
7 0.125464 0.480820 0.005068 0.161328
7 0.131650 0.501523 0.004102 0.210234
7 0.094424 0.505078 0.004766 0.129375
7 0.893350 0.761406 0.014473 0.470625
3 0.059912 0.466406 0.058887 0.429688
1 0.609858 0.833633 0.024795 0.130391
