7 0.633335 0.599453 0.004229 0.126094
7 0.199385 0.623984 0.005273 0.200781
7 0.726699 0.491055 0.003437 0.090703
7 0.708389 0.494727 0.003145 0.083516
5 0.795640 0.751875 0.020928 0.201094
7 0.254639 0.644141 0.005371 0.177344
5 0.808159 0.749883 0.024229 0.218359
6 0.028374 0.678906 0.007744 0.205000
7 0.958154 0.555469 0.006934 0.189063
8 0.828135 0.531211 0.003418 0.079609
1 0.305151 0.671680 0.016045 0.195078
1 0.591460 0.667695 0.016279 0.179609
1 0.139946 0.626875 0.027061 0.198437
8 0.056919 0.637344 0.017803 0.280938
5 0.058604 0.703828 0.016191 0.143594
8 0.029687 0.606914 0.008594 0.317422
