1 0.683076 0.740391 0.026621 0.212969
8 0.154302 0.773516 0.016924 0.452969
7 0.712114 0.795508 0.012803 0.405859
7 0.702397 0.806523 0.010732 0.386953
7 0.768999 0.634180 0.004639 0.143672
1 0.010977 0.764180 0.021660 0.462734
3 0.034570 0.504531 0.010273 0.089844
1 0.033296 0.623203 0.015322 0.148281
7 0.172212 0.552500 0.002939 0.073125
1 0.041211 0.727695 0.018398 0.280391
1 0.075234 0.748437 0.068867 0.499688
1 0.580952 0.846836 0.056768 0.306328
8 0.707539 0.750820 0.015742 0.479297
5 0.704351 0.955000 0.021748 0.086875
8 0.651450 0.793984 0.017393 0.409844
7 0.771328 0.629492 0.004023 0.151797
