1 0.444355 0.641016 0.018848 0.266406
7 0.629849 0.714063 0.016162 0.571875
2 0.013721 0.475117 0.016699 0.216953
3 0.240420 0.501992 0.389297 0.996016
1 0.496025 0.790156 0.026230 0.290000
7 0.866514 0.725078 0.017012 0.549844
3 0.466909 0.569922 0.029072 0.126875
7 0.725859 0.715625 0.019961 0.568750
1 0.690830 0.780508 0.015996 0.150703
1 0.685054 0.663047 0.011748 0.077812
1 0.698115 0.619336 0.007090 0.055078
1 0.705405 0.621758 0.007490 0.059922
1 0.712187 0.611992 0.007695 0.072891
1 0.737324 0.587734 0.008047 0.069688
1 0.568203 0.580820 0.008164 0.048984
