1 0.965527 0.605078 0.018164 0.113437
7 0.947788 0.662266 0.007256 0.213281
7 0.343486 0.600781 0.005195 0.125000
8 0.534248 0.481406 0.009180 0.199219
7 0.534658 0.502148 0.003457 0.162734
7 0.539702 0.492344 0.004404 0.176562
7 0.005239 0.630703 0.002529 0.093750
7 0.641104 0.518008 0.004785 0.133516
7 0.646670 0.517578 0.005762 0.135938
5 0.845332 0.921797 0.030469 0.152969
7 0.844609 0.806172 0.019648 0.376406
1 0.490244 0.433359 0.006074 0.058125
1 0.373906 0.618398 0.020605 0.114922
1 0.399395 0.623125 0.019629 0.110156
1 0.421025 0.579375 0.012695 0.052344
