1 0.473481 0.728555 0.026436 0.170078
1 0.895103 0.535234 0.010830 0.091719
1 0.987397 0.849727 0.024268 0.306016
1 0.423203 0.623750 0.015234 0.116094
1 0.527104 0.852031 0.036885 0.297500
1 0.120684 0.552500 0.021133 0.144375
1 0.063789 0.659570 0.035254 0.298516
1 0.022119 0.825625 0.044551 0.340938
1 0.505298 0.635586 0.022686 0.127266
3 0.451504 0.593125 0.051563 0.344219
3 0.935918 0.517461 0.035117 0.376328
3 0.375513 0.650859 0.053486 0.646250
7 0.745396 0.692070 0.008057 0.141016
7 0.710234 0.691953 0.008789 0.218281
