8 0.478037 0.634062 0.003555 0.114688
5 0.477314 0.665117 0.003770 0.064609
1 0.019160 0.780742 0.037969 0.438516
3 0.063042 0.562148 0.019463 0.209141
1 0.069272 0.794609 0.034561 0.332500
1 0.125127 0.853828 0.099395 0.292344
7 0.207002 0.588477 0.003496 0.092578
1 0.368276 0.885156 0.090264 0.229688
1 0.442188 0.783828 0.053125 0.432344
1 0.503413 0.829336 0.035400 0.341328
8 0.560410 0.688867 0.006621 0.261328
5 0.560957 0.740078 0.014238 0.141250
8 0.545327 0.641406 0.006104 0.140625
7 0.694502 0.621094 0.003027 0.090937
