1 0.429702 0.769375 0.058369 0.452812
1 0.041816 0.622773 0.018730 0.175703
1 0.005654 0.515234 0.008535 0.086875
8 0.600205 0.633906 0.006660 0.095938
5 0.600400 0.763711 0.014102 0.118047
3 0.995586 0.426484 0.005332 0.072500
5 0.290669 0.908711 0.025303 0.144141
7 0.316562 0.550547 0.002695 0.057187
1 0.312241 0.704180 0.028174 0.247578
1 0.647573 0.710078 0.028154 0.212813
7 0.243042 0.795352 0.013975 0.405859
8 0.290630 0.771211 0.012314 0.386172
7 0.248184 0.543750 0.002285 0.069688
7 0.244316 0.528750 0.001992 0.043750
