7 0.424961 0.610430 0.005430 0.116641
1 0.991445 0.610625 0.012109 0.143750
7 0.287793 0.677617 0.006289 0.199453
7 0.274722 0.677578 0.006455 0.222812
7 0.207510 0.700039 0.005273 0.249609
7 0.331733 0.620703 0.004111 0.160937
7 0.348403 0.658711 0.005283 0.212734
8 0.435137 0.570664 0.003887 0.055547
5 0.435898 0.608437 0.007949 0.042656
2 0.030493 0.527500 0.019502 0.226875
1 0.008774 0.652422 0.013447 0.131563
1 0.053799 0.628984 0.021699 0.162344
1 0.290884 0.825273 0.066865 0.347422
1 0.402998 0.695234 0.023691 0.181406
1 0.111826 0.724727 0.048027 0.389609
7 0.948345 0.628789 0.007490 0.243359
