1 0.466895 0.542930 0.016191 0.105391
1 0.444497 0.606992 0.023193 0.140859
1 0.409229 0.587031 0.010000 0.087813
1 0.510762 0.515625 0.012461 0.074844
7 0.270269 0.825820 0.006768 0.286953
1 0.501401 0.863633 0.058857 0.272734
1 0.480674 0.755508 0.025039 0.265234
1 0.379048 0.607656 0.013818 0.098125
1 0.016772 0.800508 0.033545 0.398984
7 0.224214 0.654023 0.002217 0.076016
7 0.232700 0.656406 0.001963 0.069531
1 0.423032 0.566602 0.016553 0.118047
7 0.113491 0.553594 0.002354 0.064844
1 0.988726 0.800234 0.022549 0.399531
