1 0.020205 0.665352 0.020586 0.123047
1 0.027651 0.643750 0.019307 0.109375
7 0.179546 0.704922 0.005596 0.182031
7 0.209941 0.625586 0.006309 0.158203
7 0.215430 0.620742 0.005078 0.153516
7 0.281455 0.670195 0.004785 0.103828
7 0.288779 0.657734 0.004336 0.091875
7 0.835718 0.658203 0.007588 0.253906
7 0.827344 0.638828 0.008789 0.275469
7 0.818369 0.641797 0.006934 0.233594
7 0.921577 0.762734 0.013076 0.474531
6 0.782920 0.796563 0.007773 0.285000
6 0.992163 0.836875 0.013193 0.319688
6 0.787607 0.732070 0.005449 0.187422
6 0.915254 0.864609 0.007598 0.270781
6 0.910410 0.865039 0.005000 0.269922
6 0.904829 0.855586 0.006533 0.288828
6 0.884053 0.845703 0.017207 0.308594
