1 0.560791 0.595156 0.017129 0.104531
1 0.595503 0.610625 0.015596 0.097031
7 0.275327 0.556094 0.007295 0.210938
7 0.225889 0.556641 0.007832 0.234687
7 0.105923 0.524453 0.002549 0.134531
7 0.117778 0.526797 0.004053 0.154844
7 0.076138 0.525234 0.002451 0.088594
7 0.090547 0.519062 0.001289 0.105469
7 0.092778 0.521250 0.002510 0.105156
7 0.089424 0.515703 0.001660 0.100469
1 0.007539 0.632070 0.013398 0.112578
1 0.022485 0.593125 0.014463 0.112187
1 0.520981 0.568984 0.019092 0.121875
1 0.387500 0.470469 0.015918 0.100781
8 0.358999 0.514141 0.005967 0.112031
5 0.359434 0.610898 0.012461 0.110547
1 0.042246 0.712187 0.025781 0.221719
1 0.032549 0.522930 0.006191 0.052578
1 0.042627 0.532070 0.009082 0.065547
