7 0.414648 0.548047 0.004688 0.214844
7 0.665552 0.510156 0.003564 0.096875
1 0.654712 0.473437 0.008936 0.065625
1 0.696538 0.522812 0.007178 0.044531
1 0.798047 0.630273 0.004395 0.035078
1 0.845132 0.666719 0.003701 0.035156
1 0.966021 0.601367 0.015205 0.103359
5 0.943662 0.773438 0.011113 0.139063
7 0.941172 0.700078 0.004922 0.270781
7 0.896973 0.768594 0.007812 0.330000
7 0.973247 0.617969 0.002256 0.124687
7 0.534209 0.541016 0.004355 0.160156
7 0.540771 0.521016 0.004980 0.198594
1 0.490244 0.433359 0.006074 0.058125
1 0.373906 0.618398 0.020605 0.114922
1 0.399395 0.623125 0.019629 0.110156
1 0.421025 0.579375 0.012695 0.052344
