1 0.520718 0.561602 0.022354 0.140703
1 0.379331 0.619961 0.019463 0.123984
1 0.354819 0.672266 0.023564 0.155156
3 0.312144 0.612305 0.079990 0.286484
7 0.950903 0.640117 0.009209 0.348203
8 0.624419 0.521523 0.009131 0.184609
1 0.514233 0.542539 0.017002 0.080078
1 0.340991 0.869687 0.078994 0.259219
1 0.989697 0.570430 0.019121 0.167266
1 0.486030 0.856563 0.038271 0.286875
1 0.015439 0.628789 0.018672 0.150859
1 0.027656 0.817461 0.049277 0.354453
7 0.069199 0.557578 0.005469 0.152656
7 0.968042 0.649180 0.008271 0.284141
7 0.986089 0.522539 0.004893 0.112109
3 0.612764 0.469297 0.033242 0.188906
3 0.314761 0.581289 0.064404 0.249141
