7 0.488247 0.609492 0.004170 0.096328
7 0.463320 0.624023 0.004551 0.132266
1 0.756963 0.660156 0.060820 0.356250
1 0.031450 0.671016 0.017100 0.158906
1 0.012549 0.787383 0.025098 0.393359
7 0.188672 0.773945 0.009883 0.383047
1 0.113623 0.833086 0.095410 0.333828
3 0.524912 0.561953 0.022461 0.290156
3 0.503613 0.527539 0.010352 0.108672
1 0.504155 0.686094 0.016006 0.199375
1 0.948037 0.789766 0.057891 0.420469
7 0.843652 0.719922 0.014277 0.390156
1 0.879531 0.599336 0.035664 0.268516
1 0.906753 0.602891 0.023115 0.173125
1 0.927886 0.577383 0.019033 0.134297
3 0.994009 0.507344 0.011455 0.175938
7 0.844365 0.720898 0.011699 0.365234
