1 0.087231 0.574414 0.019404 0.103203
1 0.519502 0.512031 0.007266 0.054375
1 0.499883 0.540117 0.004570 0.031953
1 0.623374 0.520195 0.016709 0.122422
1 0.053979 0.740938 0.054580 0.434063
1 0.509404 0.580469 0.009941 0.093594
7 0.443076 0.733711 0.011113 0.287266
7 0.419409 0.736328 0.011670 0.300781
7 0.387227 0.736719 0.007344 0.244375
7 0.584082 0.561094 0.007090 0.150625
1 0.119907 0.833984 0.080967 0.327344
7 0.562036 0.458867 0.003154 0.102891
7 0.558564 0.456758 0.002910 0.104922
2 0.511128 0.500352 0.006807 0.089609
1 0.165947 0.653125 0.019316 0.121250
1 0.183379 0.625898 0.011758 0.097422
1 0.144751 0.595234 0.021436 0.114531
1 0.119971 0.615625 0.023926 0.077656
1 0.104858 0.584180 0.017217 0.101172
1 0.342495 0.893555 0.122510 0.208828
1 0.996885 0.544922 0.006230 0.110625
2 0.495181 0.527930 0.006416 0.086328
