1 0.741997 0.464258 0.043408 0.222891
1 0.812656 0.435586 0.020566 0.103359
1 0.791094 0.399687 0.016562 0.083594
1 0.703511 0.454883 0.008994 0.159766
7 0.524805 0.599141 0.003887 0.134844
7 0.480601 0.587422 0.003037 0.059531
7 0.473154 0.593438 0.002422 0.063125
7 0.462925 0.596758 0.002393 0.062578
1 0.849868 0.484531 0.028154 0.203750
1 0.124492 0.840820 0.076836 0.316016
1 0.008188 0.648789 0.015186 0.184609
7 0.975029 0.565352 0.002031 0.094766
7 0.978428 0.559023 0.002656 0.107109
1 0.872603 0.511641 0.044229 0.294063
1 0.031602 0.640273 0.020234 0.181641
7 0.290073 0.704141 0.005771 0.158125
1 0.488481 0.579141 0.007490 0.089531
