1 0.490786 0.573789 0.023525 0.153359
1 0.399648 0.615977 0.019277 0.125234
7 0.955508 0.641719 0.007852 0.319375
8 0.619478 0.538008 0.009131 0.184609
1 0.532705 0.524727 0.013320 0.077891
3 0.335728 0.573672 0.018389 0.202344
1 0.378877 0.857812 0.044863 0.284375
1 0.990239 0.574531 0.018701 0.151719
1 0.487607 0.853359 0.038203 0.293281
1 0.015464 0.624844 0.018174 0.141719
1 0.028540 0.817969 0.049189 0.363125
7 0.070039 0.563594 0.005469 0.152656
7 0.967031 0.661289 0.008262 0.284141
7 0.983779 0.530898 0.004902 0.112109
3 0.612744 0.469297 0.033281 0.188906
3 0.296416 0.614531 0.066367 0.257344
