8 0.067632 0.578555 0.006533 0.170547
1 0.980591 0.512773 0.021123 0.222422
1 0.433315 0.764805 0.022510 0.231641
7 0.562383 0.787148 0.018574 0.425703
7 0.594575 0.604102 0.006416 0.215547
1 0.004966 0.573594 0.009932 0.153750
1 0.283872 0.896523 0.090166 0.206953
1 0.799819 0.807266 0.143174 0.385469
7 0.933770 0.520586 0.008848 0.303203
1 0.919673 0.760039 0.078291 0.479141
8 0.951992 0.660039 0.014453 0.405859
1 0.987988 0.614062 0.024023 0.300469
1 0.458354 0.626133 0.015068 0.180547
1 0.468545 0.638516 0.013223 0.079375
1 0.471616 0.629844 0.012021 0.077031
