1 0.368042 0.630313 0.016846 0.113906
1 0.403555 0.643633 0.023633 0.168984
1 0.032925 0.548438 0.007666 0.070312
1 0.363188 0.636875 0.019521 0.127031
7 0.599897 0.638711 0.006338 0.200391
7 0.161421 0.765977 0.008330 0.321172
7 0.991973 0.472773 0.002188 0.040859
7 0.998120 0.472930 0.003643 0.044766
3 0.654658 0.448516 0.026934 0.130625
1 0.479297 0.563008 0.029512 0.154766
1 0.304619 0.641719 0.017578 0.118125
1 0.990161 0.576992 0.018408 0.165078
1 0.314370 0.632695 0.014287 0.097109
1 0.291187 0.622070 0.011572 0.089453
1 0.415156 0.593555 0.021855 0.141484
3 0.464766 0.547422 0.065098 0.211719
7 0.940122 0.731641 0.011943 0.413281
7 0.867271 0.748789 0.023584 0.497266
1 0.486753 0.860820 0.040928 0.274766
1 0.393506 0.869141 0.030762 0.261719
1 0.281025 0.624688 0.009668 0.068750
3 0.617222 0.488984 0.035244 0.182344
