1 0.313584 0.672695 0.022832 0.128516
1 0.994375 0.665547 0.010391 0.198125
2 0.060459 0.551406 0.044707 0.365312
7 0.558037 0.704453 0.008691 0.308125
1 0.023198 0.583398 0.008760 0.065234
1 0.483003 0.575508 0.007041 0.070703
7 0.536943 0.594609 0.002930 0.119219
7 0.532866 0.598594 0.003115 0.129062
1 0.687158 0.388516 0.012344 0.052812
1 0.439414 0.724453 0.033086 0.325000
1 0.091602 0.794336 0.071680 0.376797
7 0.974946 0.559883 0.002646 0.115859
7 0.978022 0.555078 0.003428 0.125000
7 0.981919 0.514023 0.003174 0.078828
1 0.471353 0.610703 0.011846 0.134062
