1 0.710444 0.664570 0.010654 0.096328
7 0.397808 0.814844 0.011240 0.370313
8 0.383496 0.793555 0.018750 0.222266
5 0.382153 0.910156 0.021826 0.179688
7 0.361362 0.685156 0.007373 0.219375
1 0.732852 0.789375 0.013125 0.139375
1 0.752471 0.605469 0.005566 0.056250
1 0.525894 0.619687 0.011904 0.112500
1 0.510693 0.683867 0.018418 0.190391
1 0.586445 0.575117 0.010801 0.062109
1 0.600830 0.566367 0.005762 0.043828
1 0.717666 0.623633 0.007227 0.070547
1 0.725078 0.627148 0.006641 0.069766
1 0.732305 0.623555 0.005762 0.063984
1 0.740063 0.623437 0.007139 0.052969
1 0.747227 0.623477 0.005820 0.063203
1 0.401621 0.709180 0.033125 0.425703
1 0.771714 0.764922 0.018252 0.199375
3 0.018872 0.511484 0.025674 0.259375
7 0.907891 0.653281 0.014707 0.527813
7 0.955020 0.567344 0.007441 0.231406
7 0.932642 0.609883 0.010186 0.358672
2 0.004521 0.488906 0.006191 0.107031
3 0.435425 0.560820 0.031396 0.158047
