1 0.082163 0.599102 0.012236 0.071797
8 0.225269 0.769648 0.009951 0.352891
5 0.225088 0.860742 0.022285 0.210547
7 0.443301 0.651484 0.004180 0.138437
7 0.473931 0.607656 0.003467 0.093906
7 0.467739 0.616680 0.003662 0.098828
7 0.465205 0.626289 0.003867 0.115078
7 0.541450 0.613945 0.004385 0.144453
7 0.537695 0.612227 0.003418 0.134922
7 0.532100 0.606016 0.003887 0.124219
1 0.974697 0.723516 0.025352 0.250000
5 0.865605 0.655703 0.010195 0.150312
1 0.017822 0.802930 0.035645 0.394141
1 0.007412 0.568125 0.012695 0.095625
7 0.122065 0.710938 0.006631 0.272812
1 0.025991 0.631758 0.016240 0.152734
1 0.508979 0.838711 0.039111 0.322578
1 0.520986 0.620508 0.010117 0.082578
1 0.505352 0.650195 0.016250 0.124609
5 0.915962 0.612148 0.012236 0.130703
5 0.909849 0.613008 0.010557 0.110703
5 0.892710 0.627695 0.013779 0.142891
